#         T/K            w1            w2            w3            w5            d1            d2          d1w1         d1w2A         d1w2B          d1w3          d1w4          d2w1          d2w2
 2.500000E+02  6.590469E-04  4.324036E-05  7.743814E-06  4.993949E-02  2.095488E-01  8.228573E-02  1.952994E-01  1.828699E-03  4.076596E-02  5.272435E-02  3.504460E-02  3.312064E-01  6.465049E-04
 2.502500E+02  6.671206E-04  4.401488E-05  7.851916E-06  5.003996E-02  2.102095E-01  8.215193E-02  1.958230E-01  1.844050E-03  4.086481E-02  5.275425E-02  3.496995E-02  3.299788E-01  6.447720E-04
 2.505000E+02  6.753381E-04  4.480518E-05  7.961808E-06  5.014216E-02  2.108777E-01  8.201546E-02  1.963507E-01  1.859510E-03  4.096393E-02  5.278367E-02  3.489484E-02  3.287409E-01  6.430046E-04
 2.507500E+02  6.836400E-04  4.560805E-05  8.073003E-06  5.024422E-02  2.115453E-01  8.187847E-02  1.968774E-01  1.875057E-03  4.106281E-02  5.281266E-02  3.481977E-02  3.275058E-01  6.412369E-04
 2.510000E+02  6.920270E-04  4.642365E-05  8.185514E-06  5.034614E-02  2.122122E-01  8.174095E-02  1.974031E-01  1.890691E-03  4.116144E-02  5.284122E-02  3.474474E-02  3.262734E-01  6.394690E-04
 2.512500E+02  7.004996E-04  4.725218E-05  8.299352E-06  5.044792E-02  2.128784E-01  8.160293E-02  1.979278E-01  1.906411E-03  4.125982E-02  5.286936E-02  3.466977E-02  3.250438E-01  6.377011E-04
 2.515000E+02  7.090586E-04  4.809379E-05  8.414531E-06  5.054955E-02  2.135438E-01  8.146440E-02  1.984515E-01  1.922219E-03  4.135795E-02  5.289707E-02  3.459485E-02  3.238171E-01  6.359330E-04
 2.517500E+02  7.177047E-04  4.894867E-05  8.531062E-06  5.065103E-02  2.142086E-01  8.132537E-02  1.989742E-01  1.938114E-03  4.145582E-02  5.292435E-02  3.451997E-02  3.225932E-01  6.341649E-04
 2.520000E+02  7.264384E-04  4.981699E-05  8.648958E-06  5.075237E-02  2.148726E-01  8.118586E-02  1.994959E-01  1.954097E-03  4.155345E-02  5.295122E-02  3.444515E-02  3.213721E-01  6.323968E-04
 2.522500E+02  7.352605E-04  5.069894E-05  8.768231E-06  5.085356E-02  2.155358E-01  8.104585E-02  2.000165E-01  1.970167E-03  4.165081E-02  5.297765E-02  3.437037E-02  3.201539E-01  6.306288E-04
 2.525000E+02  7.441716E-04  5.159471E-05  8.888895E-06  5.095460E-02  2.161983E-01  8.090537E-02  2.005360E-01  1.986324E-03  4.174793E-02  5.300367E-02  3.429565E-02  3.189386E-01  6.288610E-04
 2.527500E+02  7.531725E-04  5.250447E-05  9.010963E-06  5.105548E-02  2.168600E-01  8.076442E-02  2.010545E-01  2.002570E-03  4.184478E-02  5.302926E-02  3.422098E-02  3.177262E-01  6.270933E-04
 2.530000E+02  7.622638E-04  5.342841E-05  9.134446E-06  5.115622E-02  2.175210E-01  8.062301E-02  2.015720E-01  2.018903E-03  4.194138E-02  5.305443E-02  3.414636E-02  3.165166E-01  6.253259E-04
 2.532500E+02  7.714463E-04  5.436673E-05  9.259359E-06  5.125680E-02  2.181811E-01  8.048114E-02  2.020884E-01  2.035324E-03  4.203771E-02  5.307917E-02  3.407180E-02  3.153100E-01  6.235588E-04
 2.535000E+02  7.807205E-04  5.531961E-05  9.385714E-06  5.135722E-02  2.188404E-01  8.033881E-02  2.026037E-01  2.051833E-03  4.213378E-02  5.310350E-02  3.399729E-02  3.141063E-01  6.217920E-04
 2.537500E+02  7.900873E-04  5.628725E-05  9.513524E-06  5.145749E-02  2.194989E-01  8.019604E-02  2.031179E-01  2.068430E-03  4.222959E-02  5.312741E-02  3.392284E-02  3.129055E-01  6.200256E-04
 2.540000E+02  7.995472E-04  5.726985E-05  9.642802E-06  5.155759E-02  2.201566E-01  8.005284E-02  2.036310E-01  2.085116E-03  4.232514E-02  5.315090E-02  3.384844E-02  3.117076E-01  6.182596E-04
 2.542500E+02  8.091011E-04  5.826759E-05  9.773563E-06  5.165754E-02  2.208134E-01  7.990920E-02  2.041430E-01  2.101890E-03  4.242041E-02  5.317397E-02  3.377410E-02  3.105128E-01  6.164941E-04
 2.545000E+02  8.187497E-04  5.928069E-05  9.905818E-06  5.175733E-02  2.214694E-01  7.976514E-02  2.046540E-01  2.118753E-03  4.251543E-02  5.319662E-02  3.369982E-02  3.093208E-01  6.147292E-04
 2.547500E+02  8.284935E-04  6.030934E-05  1.003958E-05  5.185695E-02  2.221246E-01  7.962066E-02  2.051638E-01  2.135704E-03  4.261017E-02  5.321885E-02  3.362560E-02  3.081319E-01  6.129648E-04
 2.550000E+02  8.383334E-04  6.135375E-05  1.017487E-05  5.195642E-02  2.227788E-01  7.947578E-02  2.056725E-01  2.152744E-03  4.270464E-02  5.324067E-02  3.355143E-02  3.069460E-01  6.112011E-04
 2.552500E+02  8.482700E-04  6.241412E-05  1.031169E-05  5.205571E-02  2.234322E-01  7.933048E-02  2.061800E-01  2.169873E-03  4.279884E-02  5.326207E-02  3.347732E-02  3.057630E-01  6.094381E-04
 2.555000E+02  8.583042E-04  6.349066E-05  1.045006E-05  5.215484E-02  2.240847E-01  7.918479E-02  2.066864E-01  2.187090E-03  4.289277E-02  5.328306E-02  3.340328E-02  3.045831E-01  6.076757E-04
 2.557500E+02  8.684365E-04  6.458359E-05  1.058999E-05  5.225380E-02  2.247363E-01  7.903871E-02  2.071917E-01  2.204397E-03  4.298643E-02  5.330364E-02  3.332929E-02  3.034062E-01  6.059142E-04
 2.560000E+02  8.786678E-04  6.569311E-05  1.073151E-05  5.235259E-02  2.253870E-01  7.889224E-02  2.076958E-01  2.221793E-03  4.307981E-02  5.332380E-02  3.325537E-02  3.022324E-01  6.041535E-04
 2.562500E+02  8.889987E-04  6.681945E-05  1.087461E-05  5.245121E-02  2.260367E-01  7.874540E-02  2.081988E-01  2.239278E-03  4.317291E-02  5.334355E-02  3.318150E-02  3.010615E-01  6.023937E-04
 2.565000E+02  8.994300E-04  6.796281E-05  1.101931E-05  5.254966E-02  2.266856E-01  7.859818E-02  2.087006E-01  2.256853E-03  4.326574E-02  5.336288E-02  3.310770E-02  2.998938E-01  6.006347E-04
 2.567500E+02  9.099624E-04  6.912341E-05  1.116564E-05  5.264794E-02  2.273335E-01  7.845060E-02  2.092012E-01  2.274516E-03  4.335829E-02  5.338181E-02  3.303397E-02  2.987291E-01  5.988768E-04
 2.570000E+02  9.205967E-04  7.030149E-05  1.131360E-05  5.274604E-02  2.279804E-01  7.830266E-02  2.097007E-01  2.292270E-03  4.345056E-02  5.340033E-02  3.296030E-02  2.975675E-01  5.971198E-04
 2.572500E+02  9.313335E-04  7.149726E-05  1.146320E-05  5.284397E-02  2.286264E-01  7.815437E-02  2.101989E-01  2.310113E-03  4.354255E-02  5.341844E-02  3.288669E-02  2.964089E-01  5.953639E-04
 2.575000E+02  9.421737E-04  7.271095E-05  1.161447E-05  5.294171E-02  2.292714E-01  7.800573E-02  2.106960E-01  2.328045E-03  4.363426E-02  5.343614E-02  3.281314E-02  2.952535E-01  5.936091E-04
 2.577500E+02  9.531180E-04  7.394279E-05  1.176741E-05  5.303928E-02  2.299154E-01  7.785675E-02  2.111919E-01  2.346067E-03  4.372568E-02  5.345344E-02  3.273967E-02  2.941011E-01  5.918555E-04
 2.580000E+02  9.641672E-04  7.519301E-05  1.192205E-05  5.313667E-02  2.305585E-01  7.770744E-02  2.116866E-01  2.364180E-03  4.381683E-02  5.347033E-02  3.266626E-02  2.929519E-01  5.901030E-04
 2.582500E+02  9.753219E-04  7.646184E-05  1.207839E-05  5.323388E-02  2.312005E-01  7.755780E-02  2.121800E-01  2.382382E-03  4.390768E-02  5.348681E-02  3.259291E-02  2.918058E-01  5.883518E-04
 2.585000E+02  9.865830E-04  7.774952E-05  1.223645E-05  5.333090E-02  2.318416E-01  7.740785E-02  2.126723E-01  2.400674E-03  4.399825E-02  5.350289E-02  3.251964E-02  2.906628E-01  5.866018E-04
 2.587500E+02  9.979512E-04  7.905628E-05  1.239624E-05  5.342774E-02  2.324816E-01  7.725758E-02  2.131633E-01  2.419056E-03  4.408854E-02  5.351857E-02  3.244643E-02  2.895229E-01  5.848532E-04
 2.590000E+02  1.009427E-03  8.038238E-05  1.255778E-05  5.352439E-02  2.331206E-01  7.710700E-02  2.136531E-01  2.437528E-03  4.417853E-02  5.353384E-02  3.237329E-02  2.883862E-01  5.831059E-04
 2.592500E+02  1.021012E-03  8.172804E-05  1.272109E-05  5.362086E-02  2.337586E-01  7.695612E-02  2.141417E-01  2.456090E-03  4.426824E-02  5.354872E-02  3.230022E-02  2.872527E-01  5.813600E-04
 2.595000E+02  1.032706E-03  8.309352E-05  1.288617E-05  5.371714E-02  2.343955E-01  7.680495E-02  2.146290E-01  2.474743E-03  4.435765E-02  5.356319E-02  3.222723E-02  2.861223E-01  5.796156E-04
 2.597500E+02  1.044510E-03  8.447906E-05  1.305305E-05  5.381323E-02  2.350314E-01  7.665349E-02  2.151151E-01  2.493486E-03  4.444678E-02  5.357727E-02  3.215430E-02  2.849951E-01  5.778727E-04
 2.600000E+02  1.056425E-03  8.588492E-05  1.322174E-05  5.390912E-02  2.356662E-01  7.650174E-02  2.155999E-01  2.512319E-03  4.453561E-02  5.359094E-02  3.208144E-02  2.838710E-01  5.761312E-04
 2.602500E+02  1.068452E-03  8.731134E-05  1.339225E-05  5.400483E-02  2.363000E-01  7.634972E-02  2.160835E-01  2.531243E-03  4.462415E-02  5.360422E-02  3.200866E-02  2.827502E-01  5.743914E-04
 2.605000E+02  1.080592E-03  8.875859E-05  1.356460E-05  5.410034E-02  2.369327E-01  7.619744E-02  2.165658E-01  2.550257E-03  4.471240E-02  5.361710E-02  3.193595E-02  2.816325E-01  5.726532E-04
 2.607500E+02  1.092844E-03  9.022692E-05  1.373880E-05  5.419566E-02  2.375643E-01  7.604488E-02  2.170468E-01  2.569362E-03  4.480035E-02  5.362959E-02  3.186331E-02  2.805180E-01  5.709166E-04
 2.610000E+02  1.105211E-03  9.171658E-05  1.391488E-05  5.429078E-02  2.381948E-01  7.589207E-02  2.175266E-01  2.588558E-03  4.488801E-02  5.364168E-02  3.179074E-02  2.794068E-01  5.691817E-04
 2.612500E+02  1.117693E-03  9.322785E-05  1.409284E-05  5.438570E-02  2.388242E-01  7.573901E-02  2.180051E-01  2.607844E-03  4.497537E-02  5.365338E-02  3.171825E-02  2.782987E-01  5.674485E-04
 2.615000E+02  1.130290E-03  9.476099E-05  1.427270E-05  5.448042E-02  2.394525E-01  7.558571E-02  2.184823E-01  2.627221E-03  4.506243E-02  5.366469E-02  3.164584E-02  2.771939E-01  5.657171E-04
 2.617500E+02  1.143004E-03  9.631627E-05  1.445448E-05  5.457494E-02  2.400797E-01  7.543216E-02  2.189582E-01  2.646689E-03  4.514919E-02  5.367561E-02  3.157350E-02  2.760923E-01  5.639875E-04
 2.620000E+02  1.155835E-03  9.789395E-05  1.463819E-05  5.466926E-02  2.407057E-01  7.527838E-02  2.194328E-01  2.666248E-03  4.523566E-02  5.368614E-02  3.150124E-02  2.749939E-01  5.622597E-04
 2.622500E+02  1.168784E-03  9.949432E-05  1.482386E-05  5.476338E-02  2.413307E-01  7.512438E-02  2.199061E-01  2.685897E-03  4.532182E-02  5.369627E-02  3.142905E-02  2.738988E-01  5.605339E-04
 2.625000E+02  1.181852E-03  1.011176E-04  1.501148E-05  5.485729E-02  2.419544E-01  7.497015E-02  2.203782E-01  2.705638E-03  4.540769E-02  5.370602E-02  3.135694E-02  2.728069E-01  5.588099E-04
 2.627500E+02  1.195039E-03  1.027642E-04  1.520109E-05  5.495100E-02  2.425771E-01  7.481571E-02  2.208489E-01  2.725469E-03  4.549325E-02  5.371539E-02  3.128491E-02  2.717182E-01  5.570879E-04
 2.630000E+02  1.208347E-03  1.044343E-04  1.539269E-05  5.504449E-02  2.431986E-01  7.466106E-02  2.213183E-01  2.745392E-03  4.557851E-02  5.372437E-02  3.121295E-02  2.706328E-01  5.553679E-04
 2.632500E+02  1.221776E-03  1.061282E-04  1.558630E-05  5.513778E-02  2.438189E-01  7.450621E-02  2.217863E-01  2.765405E-03  4.566347E-02  5.373296E-02  3.114108E-02  2.695507E-01  5.536499E-04
 2.635000E+02  1.235328E-03  1.078461E-04  1.578194E-05  5.523086E-02  2.444381E-01  7.435116E-02  2.222531E-01  2.785510E-03  4.574812E-02  5.374117E-02  3.106928E-02  2.684718E-01  5.519340E-04
 2.637500E+02  1.249002E-03  1.095885E-04  1.597963E-05  5.532373E-02  2.450561E-01  7.419591E-02  2.227185E-01  2.805706E-03  4.583247E-02  5.374900E-02  3.099757E-02  2.673962E-01  5.502202E-04
 2.640000E+02  1.262800E-03  1.113555E-04  1.617938E-05  5.541639E-02  2.456729E-01  7.404049E-02  2.231826E-01  2.825993E-03  4.591652E-02  5.375645E-02  3.092593E-02  2.663239E-01  5.485086E-04
 2.642500E+02  1.276722E-03  1.131475E-04  1.638121E-05  5.550883E-02  2.462885E-01  7.388488E-02  2.236454E-01  2.846371E-03  4.600025E-02  5.376351E-02  3.085438E-02  2.652548E-01  5.467991E-04
 2.645000E+02  1.290770E-03  1.149647E-04  1.658513E-05  5.560106E-02  2.469029E-01  7.372910E-02  2.241068E-01  2.866840E-03  4.608369E-02  5.377020E-02  3.078291E-02  2.641890E-01  5.450918E-04
 2.647500E+02  1.304944E-03  1.168075E-04  1.679116E-05  5.569306E-02  2.475162E-01  7.357315E-02  2.245669E-01  2.887401E-03  4.616681E-02  5.377651E-02  3.071152E-02  2.631266E-01  5.433867E-04
 2.650000E+02  1.319245E-03  1.186762E-04  1.699932E-05  5.578486E-02  2.481282E-01  7.341704E-02  2.250256E-01  2.908053E-03  4.624963E-02  5.378244E-02  3.064021E-02  2.620674E-01  5.416839E-04
 2.652500E+02  1.333674E-03  1.205710E-04  1.720962E-05  5.587643E-02  2.487390E-01  7.326077E-02  2.254830E-01  2.928796E-03  4.633213E-02  5.378800E-02  3.056898E-02  2.610115E-01  5.399835E-04
 2.655000E+02  1.348232E-03  1.224923E-04  1.742209E-05  5.596778E-02  2.493486E-01  7.310435E-02  2.259390E-01  2.949631E-03  4.641433E-02  5.379319E-02  3.049784E-02  2.599589E-01  5.382853E-04
 2.657500E+02  1.362919E-03  1.244404E-04  1.763673E-05  5.605891E-02  2.499569E-01  7.294779E-02  2.263937E-01  2.970557E-03  4.649622E-02  5.379800E-02  3.042679E-02  2.589096E-01  5.365896E-04
 2.660000E+02  1.377737E-03  1.264157E-04  1.785357E-05  5.614981E-02  2.505640E-01  7.279108E-02  2.268470E-01  2.991574E-03  4.657780E-02  5.380244E-02  3.035581E-02  2.578636E-01  5.348962E-04
 2.662500E+02  1.392686E-03  1.284183E-04  1.807262E-05  5.624049E-02  2.511699E-01  7.263424E-02  2.272989E-01  3.012683E-03  4.665907E-02  5.380651E-02  3.028493E-02  2.568209E-01  5.332053E-04
 2.665000E+02  1.407767E-03  1.304487E-04  1.829390E-05  5.633095E-02  2.517746E-01  7.247727E-02  2.277495E-01  3.033883E-03  4.674002E-02  5.381021E-02  3.021412E-02  2.557815E-01  5.315169E-04
 2.667500E+02  1.422981E-03  1.325072E-04  1.851742E-05  5.642117E-02  2.523779E-01  7.232018E-02  2.281986E-01  3.055175E-03  4.682067E-02  5.381354E-02  3.014341E-02  2.547454E-01  5.298309E-04
 2.670000E+02  1.438329E-03  1.345940E-04  1.874321E-05  5.651117E-02  2.529801E-01  7.216297E-02  2.286464E-01  3.076558E-03  4.690100E-02  5.381650E-02  3.007278E-02  2.537127E-01  5.281475E-04
 2.672500E+02  1.453811E-03  1.367096E-04  1.897128E-05  5.660094E-02  2.535809E-01  7.200565E-02  2.290929E-01  3.098033E-03  4.698102E-02  5.381910E-02  3.000224E-02  2.526833E-01  5.264667E-04
 2.675000E+02  1.469429E-03  1.388543E-04  1.920165E-05  5.669047E-02  2.541805E-01  7.184823E-02  2.295379E-01  3.119599E-03  4.706072E-02  5.382133E-02  2.993178E-02  2.516572E-01  5.247884E-04
 2.677500E+02  1.485183E-03  1.410283E-04  1.943434E-05  5.677978E-02  2.547788E-01  7.169070E-02  2.299816E-01  3.141256E-03  4.714011E-02  5.382320E-02  2.986141E-02  2.506344E-01  5.231128E-04
 2.680000E+02  1.501075E-03  1.432321E-04  1.966935E-05  5.686885E-02  2.553759E-01  7.153307E-02  2.304238E-01  3.163005E-03  4.721918E-02  5.382471E-02  2.979113E-02  2.496150E-01  5.214398E-04
 2.682500E+02  1.517105E-03  1.454660E-04  1.990672E-05  5.695768E-02  2.559716E-01  7.137535E-02  2.308647E-01  3.184846E-03  4.729794E-02  5.382586E-02  2.972094E-02  2.485988E-01  5.197695E-04
 2.685000E+02  1.533274E-03  1.477302E-04  2.014646E-05  5.704628E-02  2.565661E-01  7.121755E-02  2.313041E-01  3.206778E-03  4.737639E-02  5.382664E-02  2.965084E-02  2.475860E-01  5.181018E-04
 2.687500E+02  1.549582E-03  1.500253E-04  2.038859E-05  5.713464E-02  2.571592E-01  7.105967E-02  2.317422E-01  3.228801E-03  4.745452E-02  5.382707E-02  2.958083E-02  2.465766E-01  5.164370E-04
 2.690000E+02  1.566031E-03  1.523514E-04  2.063312E-05  5.722276E-02  2.577511E-01  7.090171E-02  2.321789E-01  3.250916E-03  4.753233E-02  5.382714E-02  2.951091E-02  2.455705E-01  5.147749E-04
 2.692500E+02  1.582622E-03  1.547090E-04  2.088007E-05  5.731063E-02  2.583417E-01  7.074368E-02  2.326141E-01  3.273122E-03  4.760982E-02  5.382686E-02  2.944108E-02  2.445677E-01  5.131156E-04
 2.695000E+02  1.599356E-03  1.570985E-04  2.112946E-05  5.739827E-02  2.589309E-01  7.058559E-02  2.330480E-01  3.295420E-03  4.768700E-02  5.382622E-02  2.937134E-02  2.435682E-01  5.114591E-04
 2.697500E+02  1.616233E-03  1.595201E-04  2.138132E-05  5.748566E-02  2.595188E-01  7.042744E-02  2.334804E-01  3.317810E-03  4.776386E-02  5.382522E-02  2.930169E-02  2.425721E-01  5.098054E-04
 2.700000E+02  1.633254E-03  1.619743E-04  2.163565E-05  5.757281E-02  2.601054E-01  7.026923E-02  2.339114E-01  3.340290E-03  4.784040E-02  5.382388E-02  2.923214E-02  2.415793E-01  5.081546E-04
 2.702500E+02  1.650420E-03  1.644614E-04  2.189247E-05  5.765971E-02  2.606907E-01  7.011098E-02  2.343411E-01  3.362863E-03  4.791663E-02  5.382218E-02  2.916267E-02  2.405899E-01  5.065067E-04
 2.705000E+02  1.667733E-03  1.669818E-04  2.215181E-05  5.774637E-02  2.612747E-01  6.995267E-02  2.347692E-01  3.385526E-03  4.799253E-02  5.382014E-02  2.909330E-02  2.396038E-01  5.048618E-04
 2.707500E+02  1.685192E-03  1.695359E-04  2.241368E-05  5.783277E-02  2.618573E-01  6.979433E-02  2.351960E-01  3.408281E-03  4.806812E-02  5.381774E-02  2.902402E-02  2.386210E-01  5.032198E-04
 2.710000E+02  1.702799E-03  1.721240E-04  2.267810E-05  5.791893E-02  2.624386E-01  6.963596E-02  2.356214E-01  3.431128E-03  4.814338E-02  5.381500E-02  2.895484E-02  2.376416E-01  5.015807E-04
 2.712500E+02  1.720555E-03  1.747465E-04  2.294509E-05  5.800484E-02  2.630185E-01  6.947755E-02  2.360453E-01  3.454066E-03  4.821833E-02  5.381191E-02  2.888575E-02  2.366655E-01  4.999447E-04
 2.715000E+02  1.738461E-03  1.774038E-04  2.321467E-05  5.809049E-02  2.635971E-01  6.931912E-02  2.364678E-01  3.477095E-03  4.829295E-02  5.380848E-02  2.881675E-02  2.356928E-01  4.983116E-04
 2.717500E+02  1.756517E-03  1.800963E-04  2.348685E-05  5.817589E-02  2.641744E-01  6.916067E-02  2.368888E-01  3.500216E-03  4.836726E-02  5.380470E-02  2.874785E-02  2.347234E-01  4.966817E-04
 2.720000E+02  1.774725E-03  1.828244E-04  2.376166E-05  5.826103E-02  2.647503E-01  6.900221E-02  2.373085E-01  3.523428E-03  4.844124E-02  5.380059E-02  2.867904E-02  2.337573E-01  4.950547E-04
 2.722500E+02  1.793085E-03  1.855884E-04  2.403912E-05  5.834591E-02  2.653248E-01  6.884373E-02  2.377267E-01  3.546731E-03  4.851491E-02  5.379613E-02  2.861033E-02  2.327946E-01  4.934309E-04
 2.725000E+02  1.811599E-03  1.883888E-04  2.431923E-05  5.843054E-02  2.658980E-01  6.868525E-02  2.381434E-01  3.570126E-03  4.858825E-02  5.379133E-02  2.854171E-02  2.318353E-01  4.918102E-04
 2.727500E+02  1.830267E-03  1.912259E-04  2.460203E-05  5.851491E-02  2.664698E-01  6.852677E-02  2.385587E-01  3.593611E-03  4.866127E-02  5.378619E-02  2.847319E-02  2.308792E-01  4.901927E-04
 2.730000E+02  1.849090E-03  1.941003E-04  2.488753E-05  5.859902E-02  2.670402E-01  6.836829E-02  2.389726E-01  3.617188E-03  4.873397E-02  5.378072E-02  2.840477E-02  2.299265E-01  4.885783E-04
 2.732500E+02  1.868069E-03  1.970122E-04  2.517575E-05  5.868287E-02  2.676093E-01  6.820982E-02  2.393851E-01  3.640857E-03  4.880635E-02  5.377491E-02  2.833644E-02  2.289772E-01  4.869670E-04
 2.735000E+02  1.887205E-03  1.999620E-04  2.546671E-05  5.876645E-02  2.681770E-01  6.805136E-02  2.397961E-01  3.664616E-03  4.887840E-02  5.376877E-02  2.826822E-02  2.280311E-01  4.853590E-04
 2.737500E+02  1.906499E-03  2.029503E-04  2.576043E-05  5.884977E-02  2.687433E-01  6.789292E-02  2.402056E-01  3.688467E-03  4.895014E-02  5.376230E-02  2.820008E-02  2.270884E-01  4.837542E-04
 2.740000E+02  1.925951E-03  2.059774E-04  2.605693E-05  5.893282E-02  2.693082E-01  6.773450E-02  2.406137E-01  3.712408E-03  4.902155E-02  5.375549E-02  2.813205E-02  2.261491E-01  4.821527E-04
 2.742500E+02  1.945564E-03  2.090437E-04  2.635622E-05  5.901561E-02  2.698718E-01  6.757610E-02  2.410204E-01  3.736441E-03  4.909263E-02  5.374835E-02  2.806411E-02  2.252130E-01  4.805544E-04
 2.745000E+02  1.965337E-03  2.121496E-04  2.665834E-05  5.909813E-02  2.704339E-01  6.741774E-02  2.414256E-01  3.760565E-03  4.916340E-02  5.374088E-02  2.799628E-02  2.242803E-01  4.789594E-04
 2.747500E+02  1.985272E-03  2.152957E-04  2.696328E-05  5.918038E-02  2.709947E-01  6.725941E-02  2.418294E-01  3.784779E-03  4.923384E-02  5.373309E-02  2.792854E-02  2.233510E-01  4.773677E-04
 2.750000E+02  2.005370E-03  2.184822E-04  2.727109E-05  5.926236E-02  2.715541E-01  6.710113E-02  2.422317E-01  3.809085E-03  4.930396E-02  5.372497E-02  2.786090E-02  2.224249E-01  4.757793E-04
 2.752500E+02  2.025631E-03  2.217097E-04  2.758177E-05  5.934406E-02  2.721121E-01  6.694288E-02  2.426326E-01  3.833481E-03  4.937375E-02  5.371652E-02  2.779336E-02  2.215022E-01  4.741943E-04
 2.755000E+02  2.046057E-03  2.249786E-04  2.789534E-05  5.942549E-02  2.726686E-01  6.678469E-02  2.430320E-01  3.857968E-03  4.944323E-02  5.370775E-02  2.772592E-02  2.205828E-01  4.726126E-04
 2.757500E+02  2.066648E-03  2.282893E-04  2.821184E-05  5.950665E-02  2.732238E-01  6.662654E-02  2.434299E-01  3.882546E-03  4.951237E-02  5.369866E-02  2.765858E-02  2.196667E-01  4.710343E-04
 2.760000E+02  2.087406E-03  2.316422E-04  2.853126E-05  5.958753E-02  2.737776E-01  6.646846E-02  2.438264E-01  3.907215E-03  4.958120E-02  5.368925E-02  2.759134E-02  2.187540E-01  4.694594E-04
 2.762500E+02  2.108331E-03  2.350379E-04  2.885364E-05  5.966814E-02  2.743299E-01  6.631043E-02  2.442215E-01  3.931975E-03  4.964970E-02  5.367951E-02  2.752420E-02  2.178445E-01  4.678879E-04
 2.765000E+02  2.129424E-03  2.384767E-04  2.917900E-05  5.974846E-02  2.748809E-01  6.615247E-02  2.446151E-01  3.956825E-03  4.971788E-02  5.366946E-02  2.745717E-02  2.169384E-01  4.663199E-04
 2.767500E+02  2.150687E-03  2.419592E-04  2.950735E-05  5.982851E-02  2.754304E-01  6.599457E-02  2.450072E-01  3.981766E-03  4.978573E-02  5.365909E-02  2.739023E-02  2.160356E-01  4.647553E-04
 2.770000E+02  2.172120E-03  2.454857E-04  2.983872E-05  5.990827E-02  2.759785E-01  6.583675E-02  2.453979E-01  4.006797E-03  4.985326E-02  5.364841E-02  2.732340E-02  2.151360E-01  4.631942E-04
 2.772500E+02  2.193724E-03  2.490568E-04  3.017313E-05  5.998775E-02  2.765252E-01  6.567901E-02  2.457871E-01  4.031919E-03  4.992046E-02  5.363741E-02  2.725666E-02  2.142398E-01  4.616365E-04
 2.775000E+02  2.215500E-03  2.526729E-04  3.051059E-05  6.006695E-02  2.770705E-01  6.552135E-02  2.461749E-01  4.057131E-03  4.998735E-02  5.362609E-02  2.719003E-02  2.133469E-01  4.600824E-04
 2.777500E+02  2.237449E-03  2.563345E-04  3.085112E-05  6.014587E-02  2.776144E-01  6.536377E-02  2.465612E-01  4.082433E-03  5.005390E-02  5.361447E-02  2.712350E-02  2.124573E-01  4.585318E-04
 2.780000E+02  2.259573E-03  2.600420E-04  3.119476E-05  6.022449E-02  2.781569E-01  6.520629E-02  2.469460E-01  4.107826E-03  5.012014E-02  5.360253E-02  2.705708E-02  2.115710E-01  4.569847E-04
 2.782500E+02  2.281871E-03  2.637960E-04  3.154151E-05  6.030283E-02  2.786979E-01  6.504889E-02  2.473294E-01  4.133309E-03  5.018605E-02  5.359029E-02  2.699076E-02  2.106880E-01  4.554411E-04
 2.785000E+02  2.304346E-03  2.675968E-04  3.189140E-05  6.038088E-02  2.792375E-01  6.489159E-02  2.477113E-01  4.158882E-03  5.025163E-02  5.357774E-02  2.692454E-02  2.098082E-01  4.539011E-04
 2.787500E+02  2.326997E-03  2.714451E-04  3.224445E-05  6.045864E-02  2.797756E-01  6.473440E-02  2.480918E-01  4.184546E-03  5.031689E-02  5.356488E-02  2.685842E-02  2.089318E-01  4.523647E-04
 2.790000E+02  2.349827E-03  2.753413E-04  3.260068E-05  6.053611E-02  2.803124E-01  6.457730E-02  2.484708E-01  4.210299E-03  5.038183E-02  5.355171E-02  2.679241E-02  2.080586E-01  4.508319E-04
 2.792500E+02  2.372836E-03  2.792858E-04  3.296010E-05  6.061329E-02  2.808477E-01  6.442032E-02  2.488483E-01  4.236142E-03  5.044644E-02  5.353824E-02  2.672650E-02  2.071887E-01  4.493027E-04
 2.795000E+02  2.396025E-03  2.832792E-04  3.332275E-05  6.069017E-02  2.813816E-01  6.426344E-02  2.492244E-01  4.262075E-03  5.051073E-02  5.352447E-02  2.666070E-02  2.063220E-01  4.477771E-04
 2.797500E+02  2.419394E-03  2.873220E-04  3.368864E-05  6.076676E-02  2.819140E-01  6.410669E-02  2.495990E-01  4.288098E-03  5.057470E-02  5.351040E-02  2.659500E-02  2.054587E-01  4.462551E-04
 2.800000E+02  2.442946E-03  2.914146E-04  3.405780E-05  6.084305E-02  2.824451E-01  6.395005E-02  2.499721E-01  4.314211E-03  5.063834E-02  5.349602E-02  2.652940E-02  2.045986E-01  4.447368E-04
 2.802500E+02  2.466680E-03  2.955577E-04  3.443023E-05  6.091904E-02  2.829746E-01  6.379353E-02  2.503438E-01  4.340413E-03  5.070165E-02  5.348135E-02  2.646391E-02  2.037418E-01  4.432221E-04
 2.805000E+02  2.490599E-03  2.997516E-04  3.480597E-05  6.099473E-02  2.835028E-01  6.363714E-02  2.507140E-01  4.366705E-03  5.076465E-02  5.346638E-02  2.639853E-02  2.028882E-01  4.417111E-04
 2.807500E+02  2.514702E-03  3.039970E-04  3.518504E-05  6.107013E-02  2.840295E-01  6.348088E-02  2.510828E-01  4.393087E-03  5.082732E-02  5.345112E-02  2.633325E-02  2.020378E-01  4.402038E-04
 2.810000E+02  2.538992E-03  3.082943E-04  3.556745E-05  6.114522E-02  2.845548E-01  6.332475E-02  2.514501E-01  4.419558E-03  5.088966E-02  5.343556E-02  2.626807E-02  2.011908E-01  4.387002E-04
 2.812500E+02  2.563468E-03  3.126440E-04  3.595324E-05  6.122001E-02  2.850786E-01  6.316876E-02  2.518160E-01  4.446118E-03  5.095169E-02  5.341970E-02  2.620300E-02  2.003469E-01  4.372002E-04
 2.815000E+02  2.588133E-03  3.170468E-04  3.634241E-05  6.129449E-02  2.856010E-01  6.301291E-02  2.521803E-01  4.472767E-03  5.101339E-02  5.340356E-02  2.613804E-02  1.995063E-01  4.357040E-04
 2.817500E+02  2.612986E-03  3.215031E-04  3.673499E-05  6.136867E-02  2.861219E-01  6.285720E-02  2.525433E-01  4.499506E-03  5.107476E-02  5.338712E-02  2.607318E-02  1.986689E-01  4.342116E-04
 2.820000E+02  2.638029E-03  3.260134E-04  3.713100E-05  6.144255E-02  2.866415E-01  6.270164E-02  2.529047E-01  4.526334E-03  5.113581E-02  5.337039E-02  2.600843E-02  1.978348E-01  4.327228E-04
 2.822500E+02  2.663264E-03  3.305783E-04  3.753047E-05  6.151611E-02  2.871595E-01  6.254623E-02  2.532647E-01  4.553250E-03  5.119654E-02  5.335338E-02  2.594379E-02  1.970039E-01  4.312378E-04
 2.825000E+02  2.688690E-03  3.351983E-04  3.793342E-05  6.158937E-02  2.876762E-01  6.239098E-02  2.536233E-01  4.580256E-03  5.125695E-02  5.333607E-02  2.587925E-02  1.961761E-01  4.297566E-04
 2.827500E+02  2.714309E-03  3.398741E-04  3.833986E-05  6.166232E-02  2.881913E-01  6.223587E-02  2.539803E-01  4.607350E-03  5.131704E-02  5.331849E-02  2.581482E-02  1.953516E-01  4.282791E-04
 2.830000E+02  2.740123E-03  3.446060E-04  3.874981E-05  6.173495E-02  2.887051E-01  6.208093E-02  2.543360E-01  4.634533E-03  5.137680E-02  5.330061E-02  2.575049E-02  1.945303E-01  4.268054E-04
 2.832500E+02  2.766131E-03  3.493948E-04  3.916331E-05  6.180727E-02  2.892174E-01  6.192616E-02  2.546901E-01  4.661805E-03  5.143624E-02  5.328246E-02  2.568628E-02  1.937123E-01  4.253355E-04
 2.835000E+02  2.792336E-03  3.542409E-04  3.958037E-05  6.187928E-02  2.897283E-01  6.177154E-02  2.550428E-01  4.689165E-03  5.149535E-02  5.326402E-02  2.562217E-02  1.928974E-01  4.238694E-04
 2.837500E+02  2.818737E-03  3.591449E-04  4.000102E-05  6.195097E-02  2.902377E-01  6.161710E-02  2.553941E-01  4.716614E-03  5.155415E-02  5.324530E-02  2.555816E-02  1.920856E-01  4.224071E-04
 2.840000E+02  2.845337E-03  3.641075E-04  4.042526E-05  6.202235E-02  2.907456E-01  6.146283E-02  2.557439E-01  4.744151E-03  5.161262E-02  5.322631E-02  2.549427E-02  1.912771E-01  4.209486E-04
 2.842500E+02  2.872136E-03  3.691290E-04  4.085314E-05  6.209341E-02  2.912522E-01  6.130874E-02  2.560922E-01  4.771777E-03  5.167077E-02  5.320703E-02  2.543048E-02  1.904718E-01  4.194940E-04
 2.845000E+02  2.899135E-03  3.742102E-04  4.128467E-05  6.216414E-02  2.917573E-01  6.115482E-02  2.564391E-01  4.799490E-03  5.172860E-02  5.318748E-02  2.536680E-02  1.896696E-01  4.180431E-04
 2.847500E+02  2.926335E-03  3.793517E-04  4.171986E-05  6.223456E-02  2.922609E-01  6.100108E-02  2.567846E-01  4.827291E-03  5.178611E-02  5.316765E-02  2.530323E-02  1.888706E-01  4.165961E-04
 2.850000E+02  2.953738E-03  3.845539E-04  4.215875E-05  6.230466E-02  2.927631E-01  6.084753E-02  2.571285E-01  4.855181E-03  5.184330E-02  5.314755E-02  2.523977E-02  1.880748E-01  4.151530E-04
 2.852500E+02  2.981344E-03  3.898175E-04  4.260136E-05  6.237443E-02  2.932639E-01  6.069417E-02  2.574711E-01  4.883158E-03  5.190017E-02  5.312717E-02  2.517641E-02  1.872821E-01  4.137137E-04
 2.855000E+02  3.009154E-03  3.951431E-04  4.304770E-05  6.244388E-02  2.937632E-01  6.054099E-02  2.578122E-01  4.911223E-03  5.195671E-02  5.310653E-02  2.511317E-02  1.864925E-01  4.122782E-04
 2.857500E+02  3.037169E-03  4.005312E-04  4.349780E-05  6.251301E-02  2.942611E-01  6.038801E-02  2.581518E-01  4.939375E-03  5.201294E-02  5.308561E-02  2.505003E-02  1.857061E-01  4.108467E-04
 2.860000E+02  3.065391E-03  4.059826E-04  4.395168E-05  6.258181E-02  2.947575E-01  6.023522E-02  2.584900E-01  4.967615E-03  5.206884E-02  5.306443E-02  2.498700E-02  1.849228E-01  4.094190E-04
 2.862500E+02  3.093821E-03  4.114977E-04  4.440937E-05  6.265028E-02  2.952525E-01  6.008263E-02  2.588267E-01  4.995942E-03  5.212443E-02  5.304297E-02  2.492408E-02  1.841427E-01  4.079951E-04
 2.865000E+02  3.122459E-03  4.170772E-04  4.487088E-05  6.271842E-02  2.957461E-01  5.993025E-02  2.591620E-01  5.024357E-03  5.217969E-02  5.302125E-02  2.486127E-02  1.833657E-01  4.065752E-04
 2.867500E+02  3.151306E-03  4.227218E-04  4.533624E-05  6.278623E-02  2.962382E-01  5.977806E-02  2.594959E-01  5.052859E-03  5.223464E-02  5.299927E-02  2.479856E-02  1.825918E-01  4.051591E-04
 2.870000E+02  3.180364E-03  4.284319E-04  4.580548E-05  6.285371E-02  2.967289E-01  5.962608E-02  2.598283E-01  5.081447E-03  5.228927E-02  5.297702E-02  2.473597E-02  1.818210E-01  4.037470E-04
 2.872500E+02  3.209634E-03  4.342083E-04  4.627861E-05  6.292086E-02  2.972181E-01  5.947432E-02  2.601592E-01  5.110123E-03  5.234357E-02  5.295451E-02  2.467348E-02  1.810533E-01  4.023387E-04
 2.875000E+02  3.239116E-03  4.400516E-04  4.675565E-05  6.298767E-02  2.977059E-01  5.932276E-02  2.604888E-01  5.138885E-03  5.239756E-02  5.293173E-02  2.461111E-02  1.802887E-01  4.009344E-04
 2.877500E+02  3.268813E-03  4.459624E-04  4.723663E-05  6.305415E-02  2.981923E-01  5.917141E-02  2.608169E-01  5.167734E-03  5.245123E-02  5.290870E-02  2.454884E-02  1.795272E-01  3.995339E-04
 2.880000E+02  3.298724E-03  4.519414E-04  4.772157E-05  6.312029E-02  2.986773E-01  5.902029E-02  2.611435E-01  5.196670E-03  5.250459E-02  5.288540E-02  2.448669E-02  1.787688E-01  3.981374E-04
 2.882500E+02  3.328851E-03  4.579891E-04  4.821050E-05  6.318609E-02  2.991608E-01  5.886938E-02  2.614687E-01  5.225692E-03  5.255762E-02  5.286185E-02  2.442464E-02  1.780134E-01  3.967448E-04
 2.885000E+02  3.359195E-03  4.641063E-04  4.870343E-05  6.325156E-02  2.996428E-01  5.871869E-02  2.617925E-01  5.254800E-03  5.261034E-02  5.283805E-02  2.436270E-02  1.772612E-01  3.953561E-04
 2.887500E+02  3.389757E-03  4.702935E-04  4.920040E-05  6.331668E-02  3.001235E-01  5.856823E-02  2.621149E-01  5.283995E-03  5.266274E-02  5.281398E-02  2.430087E-02  1.765119E-01  3.939714E-04
 2.890000E+02  3.420538E-03  4.765515E-04  4.970141E-05  6.338146E-02  3.006027E-01  5.841799E-02  2.624358E-01  5.313275E-03  5.271482E-02  5.278967E-02  2.423915E-02  1.757658E-01  3.925905E-04
 2.892500E+02  3.451539E-03  4.828809E-04  5.020650E-05  6.344591E-02  3.010805E-01  5.826798E-02  2.627553E-01  5.342641E-03  5.276659E-02  5.276510E-02  2.417755E-02  1.750227E-01  3.912137E-04
 2.895000E+02  3.482761E-03  4.892823E-04  5.071569E-05  6.351000E-02  3.015568E-01  5.811820E-02  2.630733E-01  5.372093E-03  5.281804E-02  5.274027E-02  2.411605E-02  1.742826E-01  3.898407E-04
 2.897500E+02  3.514206E-03  4.957564E-04  5.122899E-05  6.357375E-02  3.020318E-01  5.796866E-02  2.633900E-01  5.401631E-03  5.286917E-02  5.271520E-02  2.405466E-02  1.735455E-01  3.884717E-04
 2.900000E+02  3.545874E-03  5.023040E-04  5.174644E-05  6.363716E-02  3.025053E-01  5.781935E-02  2.637052E-01  5.431254E-03  5.291999E-02  5.268988E-02  2.399338E-02  1.728115E-01  3.871066E-04
 2.902500E+02  3.577767E-03  5.089256E-04  5.226806E-05  6.370022E-02  3.029774E-01  5.767028E-02  2.640190E-01  5.460963E-03  5.297049E-02  5.266431E-02  2.393221E-02  1.720805E-01  3.857455E-04
 2.905000E+02  3.609885E-03  5.156219E-04  5.279387E-05  6.376293E-02  3.034480E-01  5.752144E-02  2.643313E-01  5.490756E-03  5.302068E-02  5.263849E-02  2.387115E-02  1.713525E-01  3.843883E-04
 2.907500E+02  3.642230E-03  5.223937E-04  5.332389E-05  6.382529E-02  3.039173E-01  5.737285E-02  2.646423E-01  5.520635E-03  5.307055E-02  5.261243E-02  2.381020E-02  1.706275E-01  3.830351E-04
 2.910000E+02  3.674802E-03  5.292417E-04  5.385814E-05  6.388730E-02  3.043851E-01  5.722451E-02  2.649518E-01  5.550599E-03  5.312011E-02  5.258613E-02  2.374936E-02  1.699055E-01  3.816858E-04
 2.912500E+02  3.707604E-03  5.361664E-04  5.439665E-05  6.394895E-02  3.048515E-01  5.707640E-02  2.652599E-01  5.580647E-03  5.316935E-02  5.255958E-02  2.368863E-02  1.691865E-01  3.803405E-04
 2.915000E+02  3.740635E-03  5.431686E-04  5.493945E-05  6.401026E-02  3.053165E-01  5.692855E-02  2.655666E-01  5.610781E-03  5.321828E-02  5.253278E-02  2.362801E-02  1.684705E-01  3.789992E-04
 2.917500E+02  3.773897E-03  5.502491E-04  5.548654E-05  6.407120E-02  3.057801E-01  5.678095E-02  2.658719E-01  5.640998E-03  5.326690E-02  5.250575E-02  2.356751E-02  1.677574E-01  3.776618E-04
 2.920000E+02  3.807391E-03  5.574085E-04  5.603797E-05  6.413180E-02  3.062423E-01  5.663360E-02  2.661758E-01  5.671300E-03  5.331521E-02  5.247848E-02  2.350711E-02  1.670473E-01  3.763283E-04
 2.922500E+02  3.841118E-03  5.646475E-04  5.659375E-05  6.419203E-02  3.067030E-01  5.648650E-02  2.664782E-01  5.701686E-03  5.336320E-02  5.245097E-02  2.344682E-02  1.663402E-01  3.749988E-04
 2.925000E+02  3.875079E-03  5.719669E-04  5.715390E-05  6.425191E-02  3.071624E-01  5.633966E-02  2.667793E-01  5.732156E-03  5.341088E-02  5.242322E-02  2.338664E-02  1.656360E-01  3.736733E-04
 2.927500E+02  3.909276E-03  5.793674E-04  5.771844E-05  6.431142E-02  3.076203E-01  5.619308E-02  2.670789E-01  5.762711E-03  5.345824E-02  5.239523E-02  2.332657E-02  1.649348E-01  3.723517E-04
 2.930000E+02  3.943709E-03  5.868496E-04  5.828741E-05  6.437058E-02  3.080769E-01  5.604676E-02  2.673772E-01  5.793348E-03  5.350530E-02  5.236701E-02  2.326661E-02  1.642364E-01  3.710341E-04
 2.932500E+02  3.978380E-03  5.944144E-04  5.886083E-05  6.442937E-02  3.085320E-01  5.590070E-02  2.676740E-01  5.824070E-03  5.355204E-02  5.233856E-02  2.320677E-02  1.635410E-01  3.697205E-04
 2.935000E+02  4.013289E-03  6.020625E-04  5.943871E-05  6.448780E-02  3.089858E-01  5.575490E-02  2.679695E-01  5.854875E-03  5.359848E-02  5.230987E-02  2.314703E-02  1.628486E-01  3.684108E-04
 2.937500E+02  4.048439E-03  6.097946E-04  6.002108E-05  6.454587E-02  3.094381E-01  5.560937E-02  2.682636E-01  5.885763E-03  5.364460E-02  5.228095E-02  2.308740E-02  1.621590E-01  3.671051E-04
 2.940000E+02  4.083828E-03  6.176114E-04  6.060796E-05  6.460357E-02  3.098891E-01  5.546411E-02  2.685562E-01  5.916734E-03  5.369042E-02  5.225180E-02  2.302789E-02  1.614723E-01  3.658033E-04
 2.942500E+02  4.119460E-03  6.255137E-04  6.119939E-05  6.466090E-02  3.103387E-01  5.531911E-02  2.688475E-01  5.947788E-03  5.373592E-02  5.222242E-02  2.296848E-02  1.607885E-01  3.645055E-04
 2.945000E+02  4.155335E-03  6.335023E-04  6.179537E-05  6.471787E-02  3.107868E-01  5.517439E-02  2.691374E-01  5.978925E-03  5.378111E-02  5.219281E-02  2.290918E-02  1.601076E-01  3.632117E-04
 2.947500E+02  4.191454E-03  6.415779E-04  6.239594E-05  6.477447E-02  3.112336E-01  5.502993E-02  2.694259E-01  6.010144E-03  5.382600E-02  5.216298E-02  2.285000E-02  1.594296E-01  3.619218E-04
 2.950000E+02  4.227818E-03  6.497413E-04  6.300111E-05  6.483069E-02  3.116790E-01  5.488575E-02  2.697130E-01  6.041446E-03  5.387058E-02  5.213292E-02  2.279092E-02  1.587545E-01  3.606358E-04
 2.952500E+02  4.264429E-03  6.579932E-04  6.361092E-05  6.488655E-02  3.121231E-01  5.474185E-02  2.699987E-01  6.072831E-03  5.391484E-02  5.210263E-02  2.273195E-02  1.580822E-01  3.593538E-04
 2.955000E+02  4.301287E-03  6.663345E-04  6.422538E-05  6.494203E-02  3.125657E-01  5.459822E-02  2.702831E-01  6.104297E-03  5.395880E-02  5.207212E-02  2.267310E-02  1.574127E-01  3.580758E-04
 2.957500E+02  4.338393E-03  6.747658E-04  6.484452E-05  6.499713E-02  3.130070E-01  5.445487E-02  2.705661E-01  6.135845E-03  5.400246E-02  5.204139E-02  2.261435E-02  1.567461E-01  3.568018E-04
 2.960000E+02  4.375750E-03  6.832880E-04  6.546836E-05  6.505186E-02  3.134469E-01  5.431181E-02  2.708477E-01  6.167475E-03  5.404581E-02  5.201044E-02  2.255571E-02  1.560823E-01  3.555316E-04
 2.962500E+02  4.413357E-03  6.919019E-04  6.609692E-05  6.510622E-02  3.138854E-01  5.416902E-02  2.711279E-01  6.199187E-03  5.408885E-02  5.197926E-02  2.249719E-02  1.554214E-01  3.542655E-04
 2.965000E+02  4.451216E-03  7.006082E-04  6.673024E-05  6.516020E-02  3.143225E-01  5.402652E-02  2.714068E-01  6.230980E-03  5.413158E-02  5.194787E-02  2.243877E-02  1.547632E-01  3.530032E-04
 2.967500E+02  4.489328E-03  7.094078E-04  6.736833E-05  6.521380E-02  3.147583E-01  5.388430E-02  2.716842E-01  6.262854E-03  5.417401E-02  5.191626E-02  2.238046E-02  1.541079E-01  3.517449E-04
 2.970000E+02  4.527694E-03  7.183014E-04  6.801121E-05  6.526701E-02  3.151927E-01  5.374236E-02  2.719604E-01  6.294810E-03  5.421613E-02  5.188443E-02  2.232227E-02  1.534554E-01  3.504906E-04
 2.972500E+02  4.566316E-03  7.272899E-04  6.865891E-05  6.531985E-02  3.156258E-01  5.360072E-02  2.722351E-01  6.326846E-03  5.425795E-02  5.185238E-02  2.226418E-02  1.528056E-01  3.492402E-04
 2.975000E+02  4.605194E-03  7.363741E-04  6.931146E-05  6.537230E-02  3.160575E-01  5.345936E-02  2.725085E-01  6.358963E-03  5.429946E-02  5.182012E-02  2.220620E-02  1.521587E-01  3.479937E-04
 2.977500E+02  4.644329E-03  7.455548E-04  6.996887E-05  6.542437E-02  3.164879E-01  5.331830E-02  2.727805E-01  6.391160E-03  5.434067E-02  5.178765E-02  2.214834E-02  1.515145E-01  3.467512E-04
 2.980000E+02  4.683723E-03  7.548328E-04  7.063117E-05  6.547606E-02  3.169169E-01  5.317752E-02  2.730512E-01  6.423438E-03  5.438158E-02  5.175496E-02  2.209058E-02  1.508731E-01  3.455126E-04
 2.982500E+02  4.723378E-03  7.642089E-04  7.129839E-05  6.552736E-02  3.173445E-01  5.303704E-02  2.733206E-01  6.455796E-03  5.442218E-02  5.172206E-02  2.203293E-02  1.502344E-01  3.442779E-04
 2.985000E+02  4.763292E-03  7.736839E-04  7.197054E-05  6.557827E-02  3.177708E-01  5.289685E-02  2.735885E-01  6.488234E-03  5.446248E-02  5.168895E-02  2.197539E-02  1.495985E-01  3.430472E-04
 2.987500E+02  4.803469E-03  7.832588E-04  7.264766E-05  6.562879E-02  3.181958E-01  5.275696E-02  2.738552E-01  6.520751E-03  5.450248E-02  5.165562E-02  2.191796E-02  1.489653E-01  3.418204E-04
 2.990000E+02  4.843910E-03  7.929343E-04  7.332976E-05  6.567893E-02  3.186194E-01  5.261736E-02  2.741204E-01  6.553349E-03  5.454217E-02  5.162209E-02  2.186064E-02  1.483349E-01  3.405974E-04
 2.992500E+02  4.884614E-03  8.027113E-04  7.401687E-05  6.572867E-02  3.190417E-01  5.247806E-02  2.743844E-01  6.586025E-03  5.458157E-02  5.158836E-02  2.180343E-02  1.477071E-01  3.393784E-04
 2.995000E+02  4.925584E-03  8.125906E-04  7.470901E-05  6.577802E-02  3.194626E-01  5.233906E-02  2.746470E-01  6.618781E-03  5.462066E-02  5.155441E-02  2.174633E-02  1.470821E-01  3.381634E-04
 2.997500E+02  4.966821E-03  8.225731E-04  7.540621E-05  6.582698E-02  3.198822E-01  5.220036E-02  2.749082E-01  6.651616E-03  5.465945E-02  5.152026E-02  2.168933E-02  1.464598E-01  3.369522E-04
 3.000000E+02  5.008325E-03  8.326597E-04  7.610848E-05  6.587554E-02  3.203005E-01  5.206196E-02  2.751681E-01  6.684529E-03  5.469794E-02  5.148590E-02  2.163245E-02  1.458402E-01  3.357449E-04
 3.002500E+02  5.050098E-03  8.428512E-04  7.681586E-05  6.592371E-02  3.207175E-01  5.192386E-02  2.754267E-01  6.717521E-03  5.473614E-02  5.145134E-02  2.157567E-02  1.452232E-01  3.345415E-04
 3.005000E+02  5.092141E-03  8.531484E-04  7.752837E-05  6.597148E-02  3.211331E-01  5.178607E-02  2.756840E-01  6.750592E-03  5.477403E-02  5.141658E-02  2.151901E-02  1.446090E-01  3.333420E-04
