#         T/K            w1            w2            w3            w5
 2.500000E+02  3.417221E-04  5.588560E-05  2.494706E-05  9.995774E-01
 2.502500E+02  3.454915E-04  5.680659E-05  2.525462E-05  9.995724E-01
 2.505000E+02  3.492950E-04  5.774094E-05  2.556535E-05  9.995674E-01
 2.507500E+02  3.531328E-04  5.868882E-05  2.587929E-05  9.995623E-01
 2.510000E+02  3.570052E-04  5.965039E-05  2.619645E-05  9.995571E-01
 2.512500E+02  3.609123E-04  6.062582E-05  2.651686E-05  9.995519E-01
 2.515000E+02  3.648543E-04  6.161528E-05  2.684055E-05  9.995467E-01
 2.517500E+02  3.688316E-04  6.261895E-05  2.716755E-05  9.995414E-01
 2.520000E+02  3.728444E-04  6.363699E-05  2.749788E-05  9.995360E-01
 2.522500E+02  3.768929E-04  6.466959E-05  2.783157E-05  9.995306E-01
 2.525000E+02  3.809773E-04  6.571692E-05  2.816864E-05  9.995251E-01
 2.527500E+02  3.850979E-04  6.677917E-05  2.850913E-05  9.995196E-01
 2.530000E+02  3.892549E-04  6.785650E-05  2.885306E-05  9.995140E-01
 2.532500E+02  3.934486E-04  6.894911E-05  2.920045E-05  9.995084E-01
 2.535000E+02  3.976792E-04  7.005719E-05  2.955134E-05  9.995027E-01
 2.537500E+02  4.019469E-04  7.118091E-05  2.990575E-05  9.994970E-01
 2.540000E+02  4.062521E-04  7.232046E-05  3.026371E-05  9.994912E-01
 2.542500E+02  4.105949E-04  7.347605E-05  3.062525E-05  9.994853E-01
 2.545000E+02  4.149756E-04  7.464785E-05  3.099039E-05  9.994794E-01
 2.547500E+02  4.193945E-04  7.583607E-05  3.135917E-05  9.994734E-01
 2.550000E+02  4.238517E-04  7.704090E-05  3.173161E-05  9.994674E-01
 2.552500E+02  4.283476E-04  7.826253E-05  3.210774E-05  9.994613E-01
 2.555000E+02  4.328824E-04  7.950117E-05  3.248759E-05  9.994551E-01
 2.557500E+02  4.374563E-04  8.075703E-05  3.287119E-05  9.994489E-01
 2.560000E+02  4.420696E-04  8.203029E-05  3.325856E-05  9.994426E-01
 2.562500E+02  4.467226E-04  8.332118E-05  3.364975E-05  9.994363E-01
 2.565000E+02  4.514155E-04  8.462989E-05  3.404476E-05  9.994299E-01
 2.567500E+02  4.561486E-04  8.595663E-05  3.444365E-05  9.994235E-01
 2.570000E+02  4.609221E-04  8.730163E-05  3.484643E-05  9.994169E-01
 2.572500E+02  4.657363E-04  8.866508E-05  3.525313E-05  9.994103E-01
 2.575000E+02  4.705914E-04  9.004722E-05  3.566378E-05  9.994037E-01
 2.577500E+02  4.754877E-04  9.144825E-05  3.607843E-05  9.993970E-01
 2.580000E+02  4.804255E-04  9.286839E-05  3.649708E-05  9.993902E-01
 2.582500E+02  4.854050E-04  9.430787E-05  3.691978E-05  9.993834E-01
 2.585000E+02  4.904266E-04  9.576692E-05  3.734656E-05  9.993765E-01
 2.587500E+02  4.954903E-04  9.724575E-05  3.777744E-05  9.993695E-01
 2.590000E+02  5.005966E-04  9.874459E-05  3.821246E-05  9.993624E-01
 2.592500E+02  5.057457E-04  1.002637E-04  3.865164E-05  9.993553E-01
 2.595000E+02  5.109378E-04  1.018033E-04  3.909503E-05  9.993482E-01
 2.597500E+02  5.161733E-04  1.033635E-04  3.954264E-05  9.993409E-01
 2.600000E+02  5.214524E-04  1.049448E-04  3.999452E-05  9.993336E-01
 2.602500E+02  5.267753E-04  1.065472E-04  4.045069E-05  9.993262E-01
 2.605000E+02  5.321423E-04  1.081710E-04  4.091118E-05  9.993188E-01
 2.607500E+02  5.375538E-04  1.098166E-04  4.137603E-05  9.993113E-01
 2.610000E+02  5.430099E-04  1.114840E-04  4.184527E-05  9.993037E-01
 2.612500E+02  5.485110E-04  1.131736E-04  4.231893E-05  9.992960E-01
 2.615000E+02  5.540574E-04  1.148857E-04  4.279705E-05  9.992883E-01
 2.617500E+02  5.596492E-04  1.166204E-04  4.327965E-05  9.992805E-01
 2.620000E+02  5.652869E-04  1.183780E-04  4.376677E-05  9.992726E-01
 2.622500E+02  5.709706E-04  1.201588E-04  4.425844E-05  9.992646E-01
 2.625000E+02  5.767006E-04  1.219630E-04  4.475469E-05  9.992566E-01
 2.627500E+02  5.824773E-04  1.237910E-04  4.525557E-05  9.992485E-01
 2.630000E+02  5.883008E-04  1.256429E-04  4.576109E-05  9.992403E-01
 2.632500E+02  5.941716E-04  1.275190E-04  4.627130E-05  9.992320E-01
 2.635000E+02  6.000898E-04  1.294197E-04  4.678622E-05  9.992237E-01
 2.637500E+02  6.060558E-04  1.313451E-04  4.730590E-05  9.992153E-01
 2.640000E+02  6.120699E-04  1.332956E-04  4.783037E-05  9.992068E-01
 2.642500E+02  6.181322E-04  1.352714E-04  4.835965E-05  9.991982E-01
 2.645000E+02  6.242432E-04  1.372728E-04  4.889379E-05  9.991896E-01
 2.647500E+02  6.304031E-04  1.393000E-04  4.943282E-05  9.991809E-01
 2.650000E+02  6.366122E-04  1.413535E-04  4.997677E-05  9.991721E-01
 2.652500E+02  6.428707E-04  1.434334E-04  5.052568E-05  9.991632E-01
 2.655000E+02  6.491791E-04  1.455400E-04  5.107958E-05  9.991542E-01
 2.657500E+02  6.555375E-04  1.476737E-04  5.163852E-05  9.991452E-01
 2.660000E+02  6.619463E-04  1.498347E-04  5.220251E-05  9.991360E-01
 2.662500E+02  6.684057E-04  1.520233E-04  5.277160E-05  9.991268E-01
 2.665000E+02  6.749161E-04  1.542398E-04  5.334583E-05  9.991175E-01
 2.667500E+02  6.814778E-04  1.564845E-04  5.392523E-05  9.991081E-01
 2.670000E+02  6.880909E-04  1.587578E-04  5.450984E-05  9.990986E-01
 2.672500E+02  6.947560E-04  1.610599E-04  5.509969E-05  9.990891E-01
 2.675000E+02  7.014732E-04  1.633912E-04  5.569481E-05  9.990794E-01
 2.677500E+02  7.082428E-04  1.657519E-04  5.629525E-05  9.990697E-01
 2.680000E+02  7.150652E-04  1.681423E-04  5.690105E-05  9.990599E-01
 2.682500E+02  7.219406E-04  1.705629E-04  5.751223E-05  9.990500E-01
 2.685000E+02  7.288694E-04  1.730138E-04  5.812883E-05  9.990400E-01
 2.687500E+02  7.358519E-04  1.754955E-04  5.875090E-05  9.990299E-01
 2.690000E+02  7.428883E-04  1.780082E-04  5.937847E-05  9.990197E-01
 2.692500E+02  7.499790E-04  1.805523E-04  6.001158E-05  9.990095E-01
 2.695000E+02  7.571243E-04  1.831282E-04  6.065026E-05  9.989991E-01
 2.697500E+02  7.643244E-04  1.857360E-04  6.129455E-05  9.989886E-01
 2.700000E+02  7.715798E-04  1.883762E-04  6.194449E-05  9.989781E-01
 2.702500E+02  7.788907E-04  1.910492E-04  6.260012E-05  9.989675E-01
 2.705000E+02  7.862574E-04  1.937552E-04  6.326148E-05  9.989567E-01
 2.707500E+02  7.936802E-04  1.964946E-04  6.392860E-05  9.989459E-01
 2.710000E+02  8.011595E-04  1.992678E-04  6.460152E-05  9.989350E-01
 2.712500E+02  8.086956E-04  2.020751E-04  6.528029E-05  9.989239E-01
 2.715000E+02  8.162887E-04  2.049168E-04  6.596494E-05  9.989128E-01
 2.717500E+02  8.239392E-04  2.077934E-04  6.665551E-05  9.989016E-01
 2.720000E+02  8.316474E-04  2.107051E-04  6.735204E-05  9.988903E-01
 2.722500E+02  8.394137E-04  2.136524E-04  6.805456E-05  9.988789E-01
 2.725000E+02  8.472383E-04  2.166355E-04  6.876313E-05  9.988674E-01
 2.727500E+02  8.551216E-04  2.196550E-04  6.947777E-05  9.988557E-01
 2.730000E+02  8.630639E-04  2.227110E-04  7.019853E-05  9.988440E-01
 2.732500E+02  8.710655E-04  2.258041E-04  7.092545E-05  9.988322E-01
 2.735000E+02  8.791268E-04  2.289346E-04  7.165857E-05  9.988203E-01
 2.737500E+02  8.872480E-04  2.321028E-04  7.239793E-05  9.988083E-01
 2.740000E+02  8.954296E-04  2.353093E-04  7.314356E-05  9.987961E-01
 2.742500E+02  9.036717E-04  2.385542E-04  7.389552E-05  9.987839E-01
 2.745000E+02  9.119748E-04  2.418381E-04  7.465383E-05  9.987715E-01
 2.747500E+02  9.203392E-04  2.451613E-04  7.541855E-05  9.987591E-01
 2.750000E+02  9.287651E-04  2.485242E-04  7.618971E-05  9.987465E-01
 2.752500E+02  9.372530E-04  2.519273E-04  7.696736E-05  9.987339E-01
 2.755000E+02  9.458032E-04  2.553709E-04  7.775153E-05  9.987211E-01
 2.757500E+02  9.544160E-04  2.588554E-04  7.854227E-05  9.987082E-01
 2.760000E+02  9.630917E-04  2.623812E-04  7.933962E-05  9.986952E-01
 2.762500E+02  9.718307E-04  2.659488E-04  8.014363E-05  9.986821E-01
 2.765000E+02  9.806334E-04  2.695585E-04  8.095432E-05  9.986689E-01
 2.767500E+02  9.894999E-04  2.732109E-04  8.177176E-05  9.986555E-01
 2.770000E+02  9.984308E-04  2.769062E-04  8.259597E-05  9.986421E-01
 2.772500E+02  1.007426E-03  2.806450E-04  8.342701E-05  9.986285E-01
 2.775000E+02  1.016487E-03  2.844276E-04  8.426491E-05  9.986148E-01
 2.777500E+02  1.025612E-03  2.882545E-04  8.510972E-05  9.986010E-01
 2.780000E+02  1.034804E-03  2.921262E-04  8.596148E-05  9.985871E-01
 2.782500E+02  1.044061E-03  2.960430E-04  8.682024E-05  9.985731E-01
 2.785000E+02  1.053385E-03  3.000054E-04  8.768603E-05  9.985589E-01
 2.787500E+02  1.062775E-03  3.040139E-04  8.855891E-05  9.985447E-01
 2.790000E+02  1.072233E-03  3.080689E-04  8.943891E-05  9.985303E-01
 2.792500E+02  1.081757E-03  3.121708E-04  9.032609E-05  9.985157E-01
 2.795000E+02  1.091350E-03  3.163201E-04  9.122048E-05  9.985011E-01
 2.797500E+02  1.101011E-03  3.205173E-04  9.212213E-05  9.984864E-01
 2.800000E+02  1.110740E-03  3.247628E-04  9.303108E-05  9.984715E-01
 2.802500E+02  1.120537E-03  3.290572E-04  9.394739E-05  9.984565E-01
 2.805000E+02  1.130404E-03  3.334007E-04  9.487108E-05  9.984413E-01
 2.807500E+02  1.140341E-03  3.377941E-04  9.580222E-05  9.984261E-01
 2.810000E+02  1.150347E-03  3.422376E-04  9.674084E-05  9.984107E-01
 2.812500E+02  1.160423E-03  3.467319E-04  9.768699E-05  9.983952E-01
 2.815000E+02  1.170570E-03  3.512773E-04  9.864072E-05  9.983795E-01
 2.817500E+02  1.180788E-03  3.558744E-04  9.960207E-05  9.983637E-01
 2.820000E+02  1.191077E-03  3.605236E-04  1.005711E-04  9.983478E-01
 2.822500E+02  1.201438E-03  3.652255E-04  1.015478E-04  9.983318E-01
 2.825000E+02  1.211870E-03  3.699806E-04  1.025323E-04  9.983156E-01
 2.827500E+02  1.222375E-03  3.747893E-04  1.035246E-04  9.982993E-01
 2.830000E+02  1.232953E-03  3.796522E-04  1.045248E-04  9.982829E-01
 2.832500E+02  1.243604E-03  3.845698E-04  1.055328E-04  9.982663E-01
 2.835000E+02  1.254328E-03  3.895425E-04  1.065488E-04  9.982496E-01
 2.837500E+02  1.265126E-03  3.945710E-04  1.075728E-04  9.982327E-01
 2.840000E+02  1.275998E-03  3.996556E-04  1.086048E-04  9.982157E-01
 2.842500E+02  1.286945E-03  4.047971E-04  1.096450E-04  9.981986E-01
 2.845000E+02  1.297967E-03  4.099958E-04  1.106932E-04  9.981813E-01
 2.847500E+02  1.309064E-03  4.152523E-04  1.117497E-04  9.981639E-01
 2.850000E+02  1.320236E-03  4.205672E-04  1.128144E-04  9.981464E-01
 2.852500E+02  1.331485E-03  4.259410E-04  1.138873E-04  9.981287E-01
 2.855000E+02  1.342810E-03  4.313742E-04  1.149686E-04  9.981108E-01
 2.857500E+02  1.354211E-03  4.368674E-04  1.160583E-04  9.980929E-01
 2.860000E+02  1.365690E-03  4.424211E-04  1.171564E-04  9.980747E-01
 2.862500E+02  1.377247E-03  4.480359E-04  1.182630E-04  9.980565E-01
 2.865000E+02  1.388881E-03  4.537124E-04  1.193781E-04  9.980380E-01
 2.867500E+02  1.400593E-03  4.594511E-04  1.205018E-04  9.980195E-01
 2.870000E+02  1.412384E-03  4.652526E-04  1.216341E-04  9.980007E-01
 2.872500E+02  1.424254E-03  4.711175E-04  1.227751E-04  9.979819E-01
 2.875000E+02  1.436204E-03  4.770463E-04  1.239248E-04  9.979628E-01
 2.877500E+02  1.448233E-03  4.830396E-04  1.250833E-04  9.979436E-01
 2.880000E+02  1.460343E-03  4.890980E-04  1.262506E-04  9.979243E-01
 2.882500E+02  1.472533E-03  4.952221E-04  1.274268E-04  9.979048E-01
 2.885000E+02  1.484804E-03  5.014125E-04  1.286119E-04  9.978852E-01
 2.887500E+02  1.497156E-03  5.076698E-04  1.298060E-04  9.978654E-01
 2.890000E+02  1.509590E-03  5.139946E-04  1.310091E-04  9.978454E-01
 2.892500E+02  1.522106E-03  5.203875E-04  1.322213E-04  9.978253E-01
 2.895000E+02  1.534705E-03  5.268491E-04  1.334426E-04  9.978050E-01
 2.897500E+02  1.547386E-03  5.333800E-04  1.346732E-04  9.977846E-01
 2.900000E+02  1.560151E-03  5.399808E-04  1.359129E-04  9.977640E-01
 2.902500E+02  1.572999E-03  5.466522E-04  1.371619E-04  9.977432E-01
 2.905000E+02  1.585932E-03  5.533948E-04  1.384203E-04  9.977223E-01
 2.907500E+02  1.598949E-03  5.602092E-04  1.396880E-04  9.977012E-01
 2.910000E+02  1.612050E-03  5.670961E-04  1.409652E-04  9.976799E-01
 2.912500E+02  1.625237E-03  5.740561E-04  1.422519E-04  9.976585E-01
 2.915000E+02  1.638510E-03  5.810898E-04  1.435482E-04  9.976369E-01
 2.917500E+02  1.651869E-03  5.881979E-04  1.448540E-04  9.976151E-01
 2.920000E+02  1.665314E-03  5.953811E-04  1.461695E-04  9.975931E-01
 2.922500E+02  1.678845E-03  6.026399E-04  1.474947E-04  9.975710E-01
 2.925000E+02  1.692465E-03  6.099752E-04  1.488296E-04  9.975487E-01
 2.927500E+02  1.706171E-03  6.173875E-04  1.501744E-04  9.975263E-01
 2.930000E+02  1.719966E-03  6.248774E-04  1.515290E-04  9.975036E-01
 2.932500E+02  1.733849E-03  6.324458E-04  1.528936E-04  9.974808E-01
 2.935000E+02  1.747821E-03  6.400933E-04  1.542681E-04  9.974578E-01
 2.937500E+02  1.761883E-03  6.478205E-04  1.556527E-04  9.974346E-01
 2.940000E+02  1.776034E-03  6.556281E-04  1.570473E-04  9.974113E-01
 2.942500E+02  1.790275E-03  6.635169E-04  1.584521E-04  9.973878E-01
 2.945000E+02  1.804606E-03  6.714875E-04  1.598670E-04  9.973640E-01
 2.947500E+02  1.819029E-03  6.795407E-04  1.612922E-04  9.973401E-01
 2.950000E+02  1.833543E-03  6.876771E-04  1.627278E-04  9.973161E-01
 2.952500E+02  1.848148E-03  6.958975E-04  1.641736E-04  9.972918E-01
 2.955000E+02  1.862846E-03  7.042025E-04  1.656299E-04  9.972673E-01
 2.957500E+02  1.877636E-03  7.125930E-04  1.670967E-04  9.972427E-01
 2.960000E+02  1.892519E-03  7.210696E-04  1.685740E-04  9.972178E-01
 2.962500E+02  1.907496E-03  7.296331E-04  1.700618E-04  9.971928E-01
 2.965000E+02  1.922566E-03  7.382842E-04  1.715603E-04  9.971676E-01
 2.967500E+02  1.937730E-03  7.470237E-04  1.730695E-04  9.971422E-01
 2.970000E+02  1.952990E-03  7.558522E-04  1.745895E-04  9.971166E-01
 2.972500E+02  1.968344E-03  7.647707E-04  1.761202E-04  9.970908E-01
 2.975000E+02  1.983793E-03  7.737797E-04  1.776618E-04  9.970648E-01
 2.977500E+02  1.999339E-03  7.828801E-04  1.792143E-04  9.970386E-01
 2.980000E+02  2.014981E-03  7.920726E-04  1.807779E-04  9.970122E-01
 2.982500E+02  2.030720E-03  8.013581E-04  1.823524E-04  9.969856E-01
 2.985000E+02  2.046556E-03  8.107372E-04  1.839380E-04  9.969588E-01
 2.987500E+02  2.062489E-03  8.202108E-04  1.855348E-04  9.969318E-01
 2.990000E+02  2.078521E-03  8.297797E-04  1.871428E-04  9.969046E-01
 2.992500E+02  2.094651E-03  8.394446E-04  1.887621E-04  9.968771E-01
 2.995000E+02  2.110879E-03  8.492064E-04  1.903927E-04  9.968495E-01
 2.997500E+02  2.127208E-03  8.590659E-04  1.920346E-04  9.968217E-01
 3.000000E+02  2.143636E-03  8.690238E-04  1.936881E-04  9.967937E-01
 3.002500E+02  2.160164E-03  8.790809E-04  1.953530E-04  9.967654E-01
 3.005000E+02  2.176793E-03  8.892382E-04  1.970294E-04  9.967369E-01
 3.007500E+02  2.193522E-03  8.994964E-04  1.987175E-04  9.967083E-01
 3.010000E+02  2.210354E-03  9.098563E-04  2.004173E-04  9.966794E-01
 3.012500E+02  2.227287E-03  9.203189E-04  2.021288E-04  9.966503E-01
 3.015000E+02  2.244323E-03  9.308848E-04  2.038521E-04  9.966209E-01
 3.017500E+02  2.261461E-03  9.415550E-04  2.055873E-04  9.965914E-01
 3.020000E+02  2.278703E-03  9.523304E-04  2.073343E-04  9.965616E-01
 3.022500E+02  2.296049E-03  9.632117E-04  2.090934E-04  9.965316E-01
 3.025000E+02  2.313498E-03  9.741998E-04  2.108645E-04  9.965014E-01
 3.027500E+02  2.331053E-03  9.852956E-04  2.126477E-04  9.964710E-01
 3.030000E+02  2.348712E-03  9.965000E-04  2.144430E-04  9.964403E-01
 3.032500E+02  2.366477E-03  1.007814E-03  2.162506E-04  9.964095E-01
 3.035000E+02  2.384348E-03  1.019238E-03  2.180704E-04  9.963783E-01
 3.037500E+02  2.402325E-03  1.030773E-03  2.199026E-04  9.963470E-01
 3.040000E+02  2.420409E-03  1.042421E-03  2.217472E-04  9.963154E-01
 3.042500E+02  2.438600E-03  1.054182E-03  2.236043E-04  9.962836E-01
 3.045000E+02  2.456899E-03  1.066056E-03  2.254738E-04  9.962516E-01
 3.047500E+02  2.475306E-03  1.078045E-03  2.273560E-04  9.962193E-01
 3.050000E+02  2.493822E-03  1.090150E-03  2.292508E-04  9.961868E-01
 3.052500E+02  2.512447E-03  1.102372E-03  2.311584E-04  9.961540E-01
 3.055000E+02  2.531181E-03  1.114711E-03  2.330787E-04  9.961210E-01
 3.057500E+02  2.550026E-03  1.127169E-03  2.350118E-04  9.960878E-01
 3.060000E+02  2.568981E-03  1.139746E-03  2.369579E-04  9.960543E-01
 3.062500E+02  2.588047E-03  1.152444E-03  2.389169E-04  9.960206E-01
 3.065000E+02  2.607224E-03  1.165263E-03  2.408889E-04  9.959866E-01
 3.067500E+02  2.626514E-03  1.178204E-03  2.428741E-04  9.959524E-01
 3.070000E+02  2.645915E-03  1.191269E-03  2.448724E-04  9.959179E-01
 3.072500E+02  2.665429E-03  1.204458E-03  2.468839E-04  9.958832E-01
 3.075000E+02  2.685057E-03  1.217772E-03  2.489087E-04  9.958483E-01
 3.077500E+02  2.704798E-03  1.231212E-03  2.509468E-04  9.958130E-01
 3.080000E+02  2.724654E-03  1.244780E-03  2.529983E-04  9.957776E-01
 3.082500E+02  2.744624E-03  1.258475E-03  2.550633E-04  9.957418E-01
 3.085000E+02  2.764710E-03  1.272300E-03  2.571419E-04  9.957058E-01
 3.087500E+02  2.784911E-03  1.286255E-03  2.592340E-04  9.956696E-01
 3.090000E+02  2.805228E-03  1.300341E-03  2.613399E-04  9.956331E-01
 3.092500E+02  2.825661E-03  1.314559E-03  2.634594E-04  9.955963E-01
 3.095000E+02  2.846212E-03  1.328911E-03  2.655928E-04  9.955593E-01
 3.097500E+02  2.866880E-03  1.343397E-03  2.677400E-04  9.955220E-01
 3.100000E+02  2.887666E-03  1.358018E-03  2.699011E-04  9.954844E-01
 3.102500E+02  2.908571E-03  1.372775E-03  2.720763E-04  9.954466E-01
 3.105000E+02  2.929594E-03  1.387670E-03  2.742655E-04  9.954085E-01
 3.107500E+02  2.950737E-03  1.402703E-03  2.764688E-04  9.953701E-01
 3.110000E+02  2.972000E-03  1.417876E-03  2.786863E-04  9.953314E-01
 3.112500E+02  2.993383E-03  1.433189E-03  2.809181E-04  9.952925E-01
 3.115000E+02  3.014887E-03  1.448644E-03  2.831642E-04  9.952533E-01
 3.117500E+02  3.036513E-03  1.464241E-03  2.854247E-04  9.952138E-01
 3.120000E+02  3.058260E-03  1.479982E-03  2.876997E-04  9.951741E-01
 3.122500E+02  3.080130E-03  1.495868E-03  2.899892E-04  9.951340E-01
 3.125000E+02  3.102122E-03  1.511900E-03  2.922932E-04  9.950937E-01
 3.127500E+02  3.124238E-03  1.528079E-03  2.946120E-04  9.950531E-01
 3.130000E+02  3.146478E-03  1.544407E-03  2.969455E-04  9.950122E-01
 3.132500E+02  3.168842E-03  1.560883E-03  2.992937E-04  9.949710E-01
 3.135000E+02  3.191330E-03  1.577510E-03  3.016569E-04  9.949295E-01
 3.137500E+02  3.213944E-03  1.594288E-03  3.040349E-04  9.948877E-01
 3.140000E+02  3.236684E-03  1.611219E-03  3.064280E-04  9.948457E-01
 3.142500E+02  3.259550E-03  1.628304E-03  3.088361E-04  9.948033E-01
 3.145000E+02  3.282543E-03  1.645544E-03  3.112594E-04  9.947607E-01
 3.147500E+02  3.305663E-03  1.662940E-03  3.136979E-04  9.947177E-01
 3.150000E+02  3.328911E-03  1.680493E-03  3.161517E-04  9.946744E-01
 3.152500E+02  3.352287E-03  1.698204E-03  3.186208E-04  9.946309E-01
 3.155000E+02  3.375792E-03  1.716075E-03  3.211053E-04  9.945870E-01
 3.157500E+02  3.399426E-03  1.734107E-03  3.236053E-04  9.945429E-01
 3.160000E+02  3.423190E-03  1.752301E-03  3.261209E-04  9.944984E-01
 3.162500E+02  3.447085E-03  1.770658E-03  3.286520E-04  9.944536E-01
 3.165000E+02  3.471110E-03  1.789179E-03  3.311989E-04  9.944085E-01
 3.167500E+02  3.495266E-03  1.807866E-03  3.337616E-04  9.943631E-01
 3.170000E+02  3.519555E-03  1.826720E-03  3.363400E-04  9.943174E-01
 3.172500E+02  3.543975E-03  1.845741E-03  3.389344E-04  9.942713E-01
 3.175000E+02  3.568529E-03  1.864932E-03  3.415448E-04  9.942250E-01
 3.177500E+02  3.593216E-03  1.884293E-03  3.441712E-04  9.941783E-01
 3.180000E+02  3.618036E-03  1.903826E-03  3.468137E-04  9.941313E-01
 3.182500E+02  3.642992E-03  1.923532E-03  3.494724E-04  9.940840E-01
 3.185000E+02  3.668082E-03  1.943412E-03  3.521474E-04  9.940364E-01
 3.187500E+02  3.693307E-03  1.963468E-03  3.548387E-04  9.939884E-01
 3.190000E+02  3.718669E-03  1.983700E-03  3.575464E-04  9.939401E-01
 3.192500E+02  3.744167E-03  2.004110E-03  3.602706E-04  9.938915E-01
 3.195000E+02  3.769802E-03  2.024700E-03  3.630113E-04  9.938425E-01
 3.197500E+02  3.795575E-03  2.045470E-03  3.657686E-04  9.937932E-01
 3.200000E+02  3.821485E-03  2.066422E-03  3.685427E-04  9.937436E-01
 3.202500E+02  3.847535E-03  2.087557E-03  3.713335E-04  9.936936E-01
 3.205000E+02  3.873723E-03  2.108876E-03  3.741411E-04  9.936433E-01
 3.207500E+02  3.900051E-03  2.130382E-03  3.769656E-04  9.935926E-01
 3.210000E+02  3.926520E-03  2.152074E-03  3.798072E-04  9.935416E-01
 3.212500E+02  3.953128E-03  2.173955E-03  3.826658E-04  9.934903E-01
 3.215000E+02  3.979879E-03  2.196026E-03  3.855415E-04  9.934386E-01
 3.217500E+02  4.006771E-03  2.218288E-03  3.884344E-04  9.933865E-01
 3.220000E+02  4.033805E-03  2.240742E-03  3.913446E-04  9.933341E-01
 3.222500E+02  4.060982E-03  2.263391E-03  3.942721E-04  9.932814E-01
 3.225000E+02  4.088303E-03  2.286234E-03  3.972171E-04  9.932282E-01
 3.227500E+02  4.115768E-03  2.309274E-03  4.001796E-04  9.931748E-01
 3.230000E+02  4.143377E-03  2.332512E-03  4.031596E-04  9.931210E-01
 3.232500E+02  4.171131E-03  2.355950E-03  4.061573E-04  9.930668E-01
 3.235000E+02  4.199031E-03  2.379588E-03  4.091727E-04  9.930122E-01
 3.237500E+02  4.227076E-03  2.403428E-03  4.122059E-04  9.929573E-01
 3.240000E+02  4.255269E-03  2.427472E-03  4.152570E-04  9.929020E-01
 3.242500E+02  4.283609E-03  2.451721E-03  4.183260E-04  9.928463E-01
 3.245000E+02  4.312096E-03  2.476177E-03  4.214130E-04  9.927903E-01
 3.247500E+02  4.340732E-03  2.500840E-03  4.245182E-04  9.927339E-01
 3.250000E+02  4.369517E-03  2.525713E-03  4.276415E-04  9.926771E-01
 3.252500E+02  4.398451E-03  2.550796E-03  4.307830E-04  9.926200E-01
 3.255000E+02  4.427535E-03  2.576092E-03  4.339429E-04  9.925624E-01
 3.257500E+02  4.456770E-03  2.601601E-03  4.371212E-04  9.925045E-01
 3.260000E+02  4.486156E-03  2.627326E-03  4.403180E-04  9.924462E-01
 3.262500E+02  4.515693E-03  2.653267E-03  4.435333E-04  9.923875E-01
 3.265000E+02  4.545383E-03  2.679426E-03  4.467673E-04  9.923284E-01
 3.267500E+02  4.575225E-03  2.705805E-03  4.500199E-04  9.922689E-01
 3.270000E+02  4.605221E-03  2.732405E-03  4.532914E-04  9.922091E-01
 3.272500E+02  4.635371E-03  2.759228E-03  4.565817E-04  9.921488E-01
 3.275000E+02  4.665676E-03  2.786275E-03  4.598909E-04  9.920882E-01
 3.277500E+02  4.696135E-03  2.813548E-03  4.632192E-04  9.920271E-01
 3.280000E+02  4.726750E-03  2.841048E-03  4.665666E-04  9.919656E-01
 3.282500E+02  4.757521E-03  2.868777E-03  4.699331E-04  9.919038E-01
 3.285000E+02  4.788449E-03  2.896736E-03  4.733189E-04  9.918415E-01
 3.287500E+02  4.819535E-03  2.924927E-03  4.767240E-04  9.917788E-01
 3.290000E+02  4.850778E-03  2.953352E-03  4.801485E-04  9.917157E-01
 3.292500E+02  4.882180E-03  2.982012E-03  4.835925E-04  9.916522E-01
 3.295000E+02  4.913741E-03  3.010908E-03  4.870561E-04  9.915883E-01
 3.297500E+02  4.945462E-03  3.040042E-03  4.905393E-04  9.915240E-01
 3.300000E+02  4.977343E-03  3.069417E-03  4.940422E-04  9.914592E-01
 3.302500E+02  5.009384E-03  3.099033E-03  4.975649E-04  9.913940E-01
 3.305000E+02  5.041588E-03  3.128892E-03  5.011075E-04  9.913284E-01
 3.307500E+02  5.073953E-03  3.158995E-03  5.046701E-04  9.912624E-01
 3.310000E+02  5.106481E-03  3.189345E-03  5.082527E-04  9.911959E-01
 3.312500E+02  5.139172E-03  3.219943E-03  5.118554E-04  9.911290E-01
 3.315000E+02  5.172027E-03  3.250791E-03  5.154783E-04  9.910617E-01
 3.317500E+02  5.205046E-03  3.281890E-03  5.191215E-04  9.909939E-01
 3.320000E+02  5.238230E-03  3.313242E-03  5.227851E-04  9.909257E-01
 3.322500E+02  5.271580E-03  3.344848E-03  5.264691E-04  9.908571E-01
 3.325000E+02  5.305096E-03  3.376711E-03  5.301736E-04  9.907880E-01
 3.327500E+02  5.338779E-03  3.408832E-03  5.338987E-04  9.907185E-01
 3.330000E+02  5.372629E-03  3.441213E-03  5.376445E-04  9.906485E-01
 3.332500E+02  5.406647E-03  3.473855E-03  5.414110E-04  9.905781E-01
 3.335000E+02  5.440834E-03  3.506760E-03  5.451984E-04  9.905072E-01
 3.337500E+02  5.475190E-03  3.539931E-03  5.490067E-04  9.904359E-01
 3.340000E+02  5.509716E-03  3.573367E-03  5.528361E-04  9.903641E-01
 3.342500E+02  5.544412E-03  3.607073E-03  5.566865E-04  9.902918E-01
 3.345000E+02  5.579279E-03  3.641048E-03  5.605581E-04  9.902191E-01
 3.347500E+02  5.614318E-03  3.675295E-03  5.644509E-04  9.901459E-01
 3.350000E+02  5.649529E-03  3.709816E-03  5.683651E-04  9.900723E-01
 3.352500E+02  5.684913E-03  3.744613E-03  5.723006E-04  9.899982E-01
 3.355000E+02  5.720471E-03  3.779686E-03  5.762577E-04  9.899236E-01
 3.357500E+02  5.756203E-03  3.815039E-03  5.802364E-04  9.898485E-01
 3.360000E+02  5.792109E-03  3.850672E-03  5.842367E-04  9.897730E-01
 3.362500E+02  5.828191E-03  3.886589E-03  5.882587E-04  9.896970E-01
 3.365000E+02  5.864449E-03  3.922789E-03  5.923026E-04  9.896205E-01
 3.367500E+02  5.900883E-03  3.959276E-03  5.963684E-04  9.895435E-01
 3.370000E+02  5.937495E-03  3.996052E-03  6.004562E-04  9.894660E-01
 3.372500E+02  5.974285E-03  4.033117E-03  6.045661E-04  9.893880E-01
 3.375000E+02  6.011253E-03  4.070474E-03  6.086981E-04  9.893096E-01
 3.377500E+02  6.048400E-03  4.108125E-03  6.128524E-04  9.892306E-01
 3.380000E+02  6.085727E-03  4.146071E-03  6.170290E-04  9.891512E-01
 3.382500E+02  6.123234E-03  4.184315E-03  6.212281E-04  9.890712E-01
 3.385000E+02  6.160923E-03  4.222859E-03  6.254496E-04  9.889908E-01
 3.387500E+02  6.198793E-03  4.261704E-03  6.296937E-04  9.889098E-01
 3.390000E+02  6.236846E-03  4.300852E-03  6.339605E-04  9.888283E-01
 3.392500E+02  6.275081E-03  4.340305E-03  6.382500E-04  9.887464E-01
 3.395000E+02  6.313501E-03  4.380066E-03  6.425624E-04  9.886639E-01
 3.397500E+02  6.352104E-03  4.420135E-03  6.468977E-04  9.885809E-01
 3.400000E+02  6.390893E-03  4.460516E-03  6.512560E-04  9.884973E-01
 3.402500E+02  6.429867E-03  4.501209E-03  6.556373E-04  9.884133E-01
 3.405000E+02  6.469027E-03  4.542218E-03  6.600419E-04  9.883287E-01
 3.407500E+02  6.508375E-03  4.583543E-03  6.644697E-04  9.882436E-01
 3.410000E+02  6.547910E-03  4.625188E-03  6.689209E-04  9.881580E-01
 3.412500E+02  6.587633E-03  4.667153E-03  6.733955E-04  9.880718E-01
 3.415000E+02  6.627545E-03  4.709442E-03  6.778936E-04  9.879851E-01
 3.417500E+02  6.667646E-03  4.752055E-03  6.824154E-04  9.878979E-01
 3.420000E+02  6.707938E-03  4.794995E-03  6.869608E-04  9.878101E-01
 3.422500E+02  6.748421E-03  4.838265E-03  6.915300E-04  9.877218E-01
 3.425000E+02  6.789095E-03  4.881865E-03  6.961231E-04  9.876329E-01
 3.427500E+02  6.829962E-03  4.925799E-03  7.007401E-04  9.875435E-01
 3.430000E+02  6.871021E-03  4.970068E-03  7.053812E-04  9.874535E-01
 3.432500E+02  6.912274E-03  5.014674E-03  7.100464E-04  9.873630E-01
 3.435000E+02  6.953722E-03  5.059620E-03  7.147358E-04  9.872719E-01
 3.437500E+02  6.995364E-03  5.104907E-03  7.194495E-04  9.871803E-01
 3.440000E+02  7.037202E-03  5.150538E-03  7.241877E-04  9.870881E-01
 3.442500E+02  7.079236E-03  5.196515E-03  7.289502E-04  9.869953E-01
 3.445000E+02  7.121467E-03  5.242839E-03  7.337374E-04  9.869020E-01
 3.447500E+02  7.163896E-03  5.289514E-03  7.385492E-04  9.868080E-01
 3.450000E+02  7.206524E-03  5.336541E-03  7.433858E-04  9.867135E-01
 3.452500E+02  7.249350E-03  5.383922E-03  7.482471E-04  9.866185E-01
 3.455000E+02  7.292376E-03  5.431659E-03  7.531334E-04  9.865228E-01
 3.457500E+02  7.335603E-03  5.479756E-03  7.580447E-04  9.864266E-01
 3.460000E+02  7.379031E-03  5.528213E-03  7.629811E-04  9.863298E-01
 3.462500E+02  7.422661E-03  5.577033E-03  7.679427E-04  9.862324E-01
 3.465000E+02  7.466493E-03  5.626219E-03  7.729296E-04  9.861344E-01
 3.467500E+02  7.510529E-03  5.675772E-03  7.779418E-04  9.860358E-01
 3.470000E+02  7.554769E-03  5.725695E-03  7.829795E-04  9.859366E-01
 3.472500E+02  7.599213E-03  5.775990E-03  7.880427E-04  9.858368E-01
 3.475000E+02  7.643863E-03  5.826659E-03  7.931315E-04  9.857363E-01
 3.477500E+02  7.688719E-03  5.877705E-03  7.982461E-04  9.856353E-01
 3.480000E+02  7.733782E-03  5.929129E-03  8.033865E-04  9.855337E-01
 3.482500E+02  7.779052E-03  5.980935E-03  8.085527E-04  9.854315E-01
 3.485000E+02  7.824531E-03  6.033124E-03  8.137450E-04  9.853286E-01
 3.487500E+02  7.870219E-03  6.085699E-03  8.189634E-04  9.852251E-01
 3.490000E+02  7.916116E-03  6.138662E-03  8.242079E-04  9.851210E-01
 3.492500E+02  7.962224E-03  6.192015E-03  8.294787E-04  9.850163E-01
 3.495000E+02  8.008543E-03  6.245760E-03  8.347758E-04  9.849109E-01
 3.497500E+02  8.055075E-03  6.299901E-03  8.400994E-04  9.848049E-01
 3.500000E+02  8.101818E-03  6.354440E-03  8.454495E-04  9.846983E-01
 3.502500E+02  8.148776E-03  6.409378E-03  8.508263E-04  9.845910E-01
 3.505000E+02  8.195947E-03  6.464718E-03  8.562297E-04  9.844831E-01
 3.507500E+02  8.243334E-03  6.520462E-03  8.616600E-04  9.843745E-01
 3.510000E+02  8.290936E-03  6.576614E-03  8.671172E-04  9.842653E-01
 3.512500E+02  8.338754E-03  6.633175E-03  8.726013E-04  9.841555E-01
 3.515000E+02  8.386790E-03  6.690148E-03  8.781126E-04  9.840449E-01
 3.517500E+02  8.435043E-03  6.747535E-03  8.836510E-04  9.839338E-01
 3.520000E+02  8.483515E-03  6.805339E-03  8.892167E-04  9.838219E-01
 3.522500E+02  8.532207E-03  6.863562E-03  8.948098E-04  9.837094E-01
 3.525000E+02  8.581119E-03  6.922207E-03  9.004303E-04  9.835962E-01
 3.527500E+02  8.630251E-03  6.981276E-03  9.060783E-04  9.834824E-01
 3.530000E+02  8.679606E-03  7.040771E-03  9.117540E-04  9.833679E-01
 3.532500E+02  8.729182E-03  7.100695E-03  9.174574E-04  9.832527E-01
 3.535000E+02  8.778983E-03  7.161052E-03  9.231887E-04  9.831368E-01
 3.537500E+02  8.829007E-03  7.221842E-03  9.289479E-04  9.830202E-01
 3.540000E+02  8.879256E-03  7.283069E-03  9.347350E-04  9.829029E-01
 3.542500E+02  8.929730E-03  7.344735E-03  9.405503E-04  9.827850E-01
 3.545000E+02  8.980431E-03  7.406843E-03  9.463938E-04  9.826663E-01
 3.547500E+02  9.031359E-03  7.469396E-03  9.522656E-04  9.825470E-01
 3.550000E+02  9.082515E-03  7.532395E-03  9.581657E-04  9.824269E-01
 3.552500E+02  9.133900E-03  7.595844E-03  9.640943E-04  9.823062E-01
 3.555000E+02  9.185514E-03  7.659746E-03  9.700515E-04  9.821847E-01
 3.557500E+02  9.237358E-03  7.724102E-03  9.760374E-04  9.820625E-01
 3.560000E+02  9.289434E-03  7.788915E-03  9.820521E-04  9.819396E-01
 3.562500E+02  9.341742E-03  7.854189E-03  9.880955E-04  9.818160E-01
 3.565000E+02  9.394282E-03  7.919926E-03  9.941680E-04  9.816916E-01
 3.567500E+02  9.447056E-03  7.986128E-03  1.000269E-03  9.815665E-01
 3.570000E+02  9.500064E-03  8.052798E-03  1.006400E-03  9.814407E-01
 3.572500E+02  9.553307E-03  8.119938E-03  1.012560E-03  9.813142E-01
 3.575000E+02  9.606786E-03  8.187553E-03  1.018749E-03  9.811869E-01
 3.577500E+02  9.660502E-03  8.255643E-03  1.024968E-03  9.810589E-01
 3.580000E+02  9.714455E-03  8.324213E-03  1.031216E-03  9.809301E-01
 3.582500E+02  9.768647E-03  8.393264E-03  1.037494E-03  9.808006E-01
 3.585000E+02  9.823078E-03  8.462800E-03  1.043801E-03  9.806703E-01
 3.587500E+02  9.877749E-03  8.532823E-03  1.050138E-03  9.805393E-01
 3.590000E+02  9.932661E-03  8.603336E-03  1.056506E-03  9.804075E-01
 3.592500E+02  9.987815E-03  8.674342E-03  1.062903E-03  9.802749E-01
 3.595000E+02  1.004321E-02  8.745843E-03  1.069330E-03  9.801416E-01
 3.597500E+02  1.009885E-02  8.817843E-03  1.075787E-03  9.800075E-01
 3.600000E+02  1.015474E-02  8.890344E-03  1.082275E-03  9.798726E-01
 3.602500E+02  1.021086E-02  8.963349E-03  1.088793E-03  9.797370E-01
 3.605000E+02  1.026724E-02  9.036862E-03  1.095342E-03  9.796006E-01
 3.607500E+02  1.032386E-02  9.110884E-03  1.101921E-03  9.794633E-01
 3.610000E+02  1.038073E-02  9.185418E-03  1.108531E-03  9.793253E-01
 3.612500E+02  1.043785E-02  9.260469E-03  1.115172E-03  9.791865E-01
 3.615000E+02  1.049522E-02  9.336038E-03  1.121843E-03  9.790469E-01
 3.617500E+02  1.055283E-02  9.412128E-03  1.128545E-03  9.789065E-01
 3.620000E+02  1.061070E-02  9.488742E-03  1.135279E-03  9.787653E-01
 3.622500E+02  1.066882E-02  9.565884E-03  1.142044E-03  9.786232E-01
 3.625000E+02  1.072720E-02  9.643557E-03  1.148840E-03  9.784804E-01
 3.627500E+02  1.078582E-02  9.721762E-03  1.155667E-03  9.783367E-01
 3.630000E+02  1.084471E-02  9.800504E-03  1.162526E-03  9.781923E-01
 3.632500E+02  1.090384E-02  9.879784E-03  1.169416E-03  9.780470E-01
 3.635000E+02  1.096324E-02  9.959608E-03  1.176338E-03  9.779008E-01
 3.637500E+02  1.102289E-02  1.003998E-02  1.183292E-03  9.777538E-01
 3.640000E+02  1.108280E-02  1.012089E-02  1.190277E-03  9.776060E-01
 3.642500E+02  1.114296E-02  1.020236E-02  1.197295E-03  9.774574E-01
 3.645000E+02  1.120339E-02  1.028438E-02  1.204344E-03  9.773079E-01
 3.647500E+02  1.126408E-02  1.036696E-02  1.211426E-03  9.771575E-01
 3.650000E+02  1.132503E-02  1.045010E-02  1.218540E-03  9.770063E-01
 3.652500E+02  1.138625E-02  1.053381E-02  1.225686E-03  9.768543E-01
 3.655000E+02  1.144772E-02  1.061808E-02  1.232865E-03  9.767013E-01
 3.657500E+02  1.150947E-02  1.070292E-02  1.240076E-03  9.765475E-01
 3.660000E+02  1.157147E-02  1.078833E-02  1.247320E-03  9.763929E-01
 3.662500E+02  1.163375E-02  1.087432E-02  1.254596E-03  9.762373E-01
 3.665000E+02  1.169629E-02  1.096089E-02  1.261906E-03  9.760809E-01
 3.667500E+02  1.175910E-02  1.104804E-02  1.269248E-03  9.759236E-01
 3.670000E+02  1.182217E-02  1.113578E-02  1.276624E-03  9.757654E-01
 3.672500E+02  1.188552E-02  1.122411E-02  1.284032E-03  9.756063E-01
 3.675000E+02  1.194914E-02  1.131303E-02  1.291474E-03  9.754464E-01
 3.677500E+02  1.201303E-02  1.140254E-02  1.298949E-03  9.752855E-01
 3.680000E+02  1.207720E-02  1.149265E-02  1.306457E-03  9.751237E-01
 3.682500E+02  1.214163E-02  1.158337E-02  1.314000E-03  9.749610E-01
 3.685000E+02  1.220635E-02  1.167469E-02  1.321575E-03  9.747974E-01
 3.687500E+02  1.227134E-02  1.176662E-02  1.329185E-03  9.746329E-01
 3.690000E+02  1.233660E-02  1.185916E-02  1.336828E-03  9.744674E-01
 3.692500E+02  1.240215E-02  1.195232E-02  1.344505E-03  9.743010E-01
 3.695000E+02  1.246797E-02  1.204609E-02  1.352216E-03  9.741337E-01
 3.697500E+02  1.253407E-02  1.214049E-02  1.359962E-03  9.739655E-01
 3.700000E+02  1.260045E-02  1.223551E-02  1.367741E-03  9.737963E-01
 3.702500E+02  1.266712E-02  1.233116E-02  1.375555E-03  9.736262E-01
 3.705000E+02  1.273406E-02  1.242744E-02  1.383404E-03  9.734551E-01
 3.707500E+02  1.280129E-02  1.252436E-02  1.391287E-03  9.732831E-01
 3.710000E+02  1.286881E-02  1.262191E-02  1.399204E-03  9.731101E-01
 3.712500E+02  1.293661E-02  1.272011E-02  1.407156E-03  9.729361E-01
 3.715000E+02  1.300470E-02  1.281896E-02  1.415144E-03  9.727612E-01
 3.717500E+02  1.307307E-02  1.291845E-02  1.423166E-03  9.725853E-01
 3.720000E+02  1.314173E-02  1.301860E-02  1.431223E-03  9.724084E-01
 3.722500E+02  1.321069E-02  1.311940E-02  1.439315E-03  9.722306E-01
 3.725000E+02  1.327993E-02  1.322086E-02  1.447443E-03  9.720518E-01
 3.727500E+02  1.334947E-02  1.332299E-02  1.455606E-03  9.718719E-01
 3.730000E+02  1.341930E-02  1.342578E-02  1.463804E-03  9.716911E-01
 3.732500E+02  1.348942E-02  1.352925E-02  1.472038E-03  9.715093E-01
 3.735000E+02  1.355983E-02  1.363338E-02  1.480307E-03  9.713265E-01
 3.737500E+02  1.363055E-02  1.373820E-02  1.488613E-03  9.711426E-01
 3.740000E+02  1.370156E-02  1.384369E-02  1.496954E-03  9.709578E-01
 3.742500E+02  1.377287E-02  1.394988E-02  1.505331E-03  9.707719E-01
 3.745000E+02  1.384447E-02  1.405674E-02  1.513744E-03  9.705850E-01
 3.747500E+02  9.985118E-01  1.487972E-03  2.341219E-07  3.199385E-10
 3.750000E+02  9.985151E-01  1.484653E-03  2.320328E-07  3.123305E-10
 3.752500E+02  9.985184E-01  1.481347E-03  2.299653E-07  3.049136E-10
 3.755000E+02  9.985217E-01  1.478053E-03  2.279192E-07  2.976827E-10
 3.757500E+02  9.985250E-01  1.474771E-03  2.258940E-07  2.906328E-10
 3.760000E+02  9.985283E-01  1.471502E-03  2.238897E-07  2.837593E-10
 3.762500E+02  9.985315E-01  1.468246E-03  2.219059E-07  2.770575E-10
 3.765000E+02  9.985348E-01  1.465002E-03  2.199425E-07  2.705229E-10
 3.767500E+02  9.985380E-01  1.461770E-03  2.179992E-07  2.641510E-10
 3.770000E+02  9.985412E-01  1.458550E-03  2.160757E-07  2.579377E-10
 3.772500E+02  9.985444E-01  1.455343E-03  2.141719E-07  2.518788E-10
 3.775000E+02  9.985476E-01  1.452148E-03  2.122875E-07  2.459703E-10
 3.777500E+02  9.985508E-01  1.448964E-03  2.104222E-07  2.402082E-10
 3.780000E+02  9.985540E-01  1.445793E-03  2.085760E-07  2.345886E-10
 3.782500E+02  9.985572E-01  1.442634E-03  2.067485E-07  2.291080E-10
 3.785000E+02  9.985603E-01  1.439486E-03  2.049395E-07  2.237627E-10
 3.787500E+02  9.985634E-01  1.436351E-03  2.031488E-07  2.185492E-10
 3.790000E+02  9.985666E-01  1.433227E-03  2.013763E-07  2.134640E-10
 3.792500E+02  9.985697E-01  1.430114E-03  1.996217E-07  2.085039E-10
 3.795000E+02  9.985728E-01  1.427014E-03  1.978848E-07  2.036655E-10
 3.797500E+02  9.985759E-01  1.423925E-03  1.961654E-07  1.989458E-10
 3.800000E+02  9.985790E-01  1.420847E-03  1.944633E-07  1.943418E-10
 3.802500E+02  9.985820E-01  1.417781E-03  1.927783E-07  1.898503E-10
 3.805000E+02  9.985851E-01  1.414727E-03  1.911103E-07  1.854685E-10
 3.807500E+02  9.985881E-01  1.411684E-03  1.894589E-07  1.811937E-10
 3.810000E+02  9.985912E-01  1.408652E-03  1.878241E-07  1.770230E-10
 3.812500E+02  9.985942E-01  1.405631E-03  1.862057E-07  1.729538E-10
 3.815000E+02  9.985972E-01  1.402622E-03  1.846034E-07  1.689835E-10
 3.817500E+02  9.986002E-01  1.399623E-03  1.830171E-07  1.651095E-10
 3.820000E+02  9.986032E-01  1.396636E-03  1.814467E-07  1.613295E-10
 3.822500E+02  9.986062E-01  1.393660E-03  1.798918E-07  1.576409E-10
 3.825000E+02  9.986091E-01  1.390695E-03  1.783524E-07  1.540415E-10
 3.827500E+02  9.986121E-01  1.387741E-03  1.768283E-07  1.505290E-10
 3.830000E+02  9.986150E-01  1.384798E-03  1.753193E-07  1.471012E-10
 3.832500E+02  9.986180E-01  1.381865E-03  1.738253E-07  1.437560E-10
 3.835000E+02  9.986209E-01  1.378944E-03  1.723460E-07  1.404912E-10
 3.837500E+02  9.986238E-01  1.376033E-03  1.708813E-07  1.373048E-10
 3.840000E+02  9.986267E-01  1.373132E-03  1.694311E-07  1.341949E-10
 3.842500E+02  9.986296E-01  1.370243E-03  1.679952E-07  1.311595E-10
 3.845000E+02  9.986325E-01  1.367364E-03  1.665734E-07  1.281967E-10
 3.847500E+02  9.986353E-01  1.364495E-03  1.651656E-07  1.253046E-10
 3.850000E+02  9.986382E-01  1.361637E-03  1.637716E-07  1.224817E-10
 3.852500E+02  9.986410E-01  1.358790E-03  1.623912E-07  1.197259E-10
 3.855000E+02  9.986439E-01  1.355952E-03  1.610244E-07  1.170358E-10
 3.857500E+02  9.986467E-01  1.353126E-03  1.596710E-07  1.144097E-10
 3.860000E+02  9.986495E-01  1.350309E-03  1.583307E-07  1.118458E-10
 3.862500E+02  9.986523E-01  1.347503E-03  1.570036E-07  1.093428E-10
 3.865000E+02  9.986551E-01  1.344706E-03  1.556893E-07  1.068991E-10
 3.867500E+02  9.986579E-01  1.341920E-03  1.543879E-07  1.045131E-10
 3.870000E+02  9.986607E-01  1.339145E-03  1.530991E-07  1.021835E-10
 3.872500E+02  9.986635E-01  1.336379E-03  1.518228E-07  9.990883E-11
 3.875000E+02  9.986662E-01  1.333623E-03  1.505588E-07  9.768777E-11
 3.877500E+02  9.986690E-01  1.330877E-03  1.493072E-07  9.551896E-11
 3.880000E+02  9.986717E-01  1.328141E-03  1.480676E-07  9.340112E-11
 3.882500E+02  9.986744E-01  1.325415E-03  1.468400E-07  9.133298E-11
 3.885000E+02  9.986772E-01  1.322699E-03  1.456242E-07  8.931332E-11
 3.887500E+02  9.986799E-01  1.319992E-03  1.444201E-07  8.734093E-11
 3.890000E+02  9.986826E-01  1.317295E-03  1.432277E-07  8.541465E-11
 3.892500E+02  9.986852E-01  1.314608E-03  1.420467E-07  8.353335E-11
 3.895000E+02  9.986879E-01  1.311931E-03  1.408770E-07  8.169592E-11
 3.897500E+02  9.986906E-01  1.309263E-03  1.397185E-07  7.990128E-11
 3.900000E+02  9.986933E-01  1.306604E-03  1.385711E-07  7.814839E-11
 3.902500E+02  9.986959E-01  1.303955E-03  1.374347E-07  7.643621E-11
 3.905000E+02  9.986985E-01  1.301316E-03  1.363092E-07  7.476375E-11
 3.907500E+02  9.987012E-01  1.298686E-03  1.351944E-07  7.313005E-11
 3.910000E+02  9.987038E-01  1.296065E-03  1.340902E-07  7.153415E-11
 3.912500E+02  9.987064E-01  1.293454E-03  1.329965E-07  6.997513E-11
 3.915000E+02  9.987090E-01  1.290852E-03  1.319132E-07  6.845210E-11
 3.917500E+02  9.987116E-01  1.288259E-03  1.308401E-07  6.696418E-11
 3.920000E+02  9.987142E-01  1.285676E-03  1.297773E-07  6.551052E-11
 3.922500E+02  9.987168E-01  1.283101E-03  1.287245E-07  6.409028E-11
