#         T/K            w1            w2            w3            w5            d1            d2          d1w1         d1w2A         d1w2B          d1w3          d1w4          d2w1          d2w2
 2.500000E+02  4.599210E-04  6.095799E-05  2.205315E-05  5.803751E-01  3.973618E-02  8.565129E-03  7.481287E-02  1.415116E-03  3.154623E-02  8.242054E-02  1.106674E-01  6.964382E-02  2.746187E-04
 2.502500E+02  4.652096E-04  6.198981E-05  2.233432E-05  5.805865E-01  3.986084E-02  8.555357E-03  7.499534E-02  1.426329E-03  3.160796E-02  8.241017E-02  1.103303E-01  6.940374E-02  2.738920E-04
 2.505000E+02  4.705519E-04  6.303742E-05  2.261860E-05  5.807977E-01  3.998553E-02  8.545502E-03  7.517760E-02  1.437601E-03  3.166953E-02  8.239927E-02  1.099940E-01  6.916390E-02  2.731641E-04
 2.507500E+02  4.759449E-04  6.410066E-05  2.290593E-05  5.810084E-01  4.011009E-02  8.535576E-03  7.535949E-02  1.448933E-03  3.173091E-02  8.238793E-02  1.096587E-01  6.892453E-02  2.724364E-04
 2.510000E+02  4.813890E-04  6.517972E-05  2.319632E-05  5.812186E-01  4.023453E-02  8.525580E-03  7.554100E-02  1.460324E-03  3.179210E-02  8.237617E-02  1.093246E-01  6.868564E-02  2.717089E-04
 2.512500E+02  4.868844E-04  6.627481E-05  2.348982E-05  5.814282E-01  4.035885E-02  8.515514E-03  7.572212E-02  1.471774E-03  3.185312E-02  8.236399E-02  1.089916E-01  6.844721E-02  2.709815E-04
 2.515000E+02  4.924316E-04  6.738614E-05  2.378643E-05  5.816373E-01  4.048302E-02  8.505379E-03  7.590286E-02  1.483284E-03  3.191394E-02  8.235138E-02  1.086597E-01  6.820927E-02  2.702544E-04
 2.517500E+02  4.980310E-04  6.851391E-05  2.408620E-05  5.818459E-01  4.060707E-02  8.495176E-03  7.608322E-02  1.494854E-03  3.197458E-02  8.233836E-02  1.083289E-01  6.797180E-02  2.695275E-04
 2.520000E+02  5.036828E-04  6.965832E-05  2.438914E-05  5.820540E-01  4.073099E-02  8.484905E-03  7.626318E-02  1.506483E-03  3.203504E-02  8.232491E-02  1.079992E-01  6.773482E-02  2.688008E-04
 2.522500E+02  5.093876E-04  7.081959E-05  2.469528E-05  5.822615E-01  4.085476E-02  8.474567E-03  7.644276E-02  1.518172E-03  3.209531E-02  8.231105E-02  1.076706E-01  6.749832E-02  2.680744E-04
 2.525000E+02  5.151456E-04  7.199794E-05  2.500465E-05  5.824685E-01  4.097840E-02  8.464163E-03  7.662195E-02  1.529921E-03  3.215539E-02  8.229678E-02  1.073431E-01  6.726231E-02  2.673483E-04
 2.527500E+02  5.209572E-04  7.319357E-05  2.531728E-05  5.826750E-01  4.110190E-02  8.453693E-03  7.680074E-02  1.541730E-03  3.221528E-02  8.228209E-02  1.070166E-01  6.702680E-02  2.666225E-04
 2.530000E+02  5.268228E-04  7.440671E-05  2.563319E-05  5.828810E-01  4.122526E-02  8.443159E-03  7.697914E-02  1.553599E-03  3.227499E-02  8.226699E-02  1.066913E-01  6.679178E-02  2.658970E-04
 2.532500E+02  5.327429E-04  7.563757E-05  2.595241E-05  5.830865E-01  4.134848E-02  8.432560E-03  7.715715E-02  1.565528E-03  3.233451E-02  8.225149E-02  1.063670E-01  6.655726E-02  2.651719E-04
 2.535000E+02  5.387177E-04  7.688638E-05  2.627497E-05  5.832914E-01  4.147155E-02  8.421897E-03  7.733475E-02  1.577517E-03  3.239384E-02  8.223558E-02  1.060439E-01  6.632324E-02  2.644471E-04
 2.537500E+02  5.447477E-04  7.815335E-05  2.660089E-05  5.834958E-01  4.159448E-02  8.411172E-03  7.751196E-02  1.589566E-03  3.245298E-02  8.221927E-02  1.057218E-01  6.608972E-02  2.637227E-04
 2.540000E+02  5.508332E-04  7.943872E-05  2.693021E-05  5.836998E-01  4.171726E-02  8.400384E-03  7.768877E-02  1.601676E-03  3.251194E-02  8.220256E-02  1.054007E-01  6.585671E-02  2.629988E-04
 2.542500E+02  5.569747E-04  8.074271E-05  2.726295E-05  5.839031E-01  4.183989E-02  8.389534E-03  7.786517E-02  1.613847E-03  3.257071E-02  8.218545E-02  1.050808E-01  6.562421E-02  2.622752E-04
 2.545000E+02  5.631725E-04  8.206556E-05  2.759913E-05  5.841060E-01  4.196237E-02  8.378624E-03  7.804118E-02  1.626078E-03  3.262928E-02  8.216794E-02  1.047619E-01  6.539223E-02  2.615521E-04
 2.547500E+02  5.694271E-04  8.340750E-05  2.793880E-05  5.843084E-01  4.208470E-02  8.367654E-03  7.821677E-02  1.638369E-03  3.268767E-02  8.215004E-02  1.044441E-01  6.516076E-02  2.608294E-04
 2.550000E+02  5.757387E-04  8.476876E-05  2.828196E-05  5.845102E-01  4.220688E-02  8.356624E-03  7.839196E-02  1.650722E-03  3.274587E-02  8.213174E-02  1.041273E-01  6.492980E-02  2.601072E-04
 2.552500E+02  5.821079E-04  8.614958E-05  2.862867E-05  5.847115E-01  4.232890E-02  8.345534E-03  7.856674E-02  1.663135E-03  3.280388E-02  8.211306E-02  1.038116E-01  6.469937E-02  2.593854E-04
 2.555000E+02  5.885349E-04  8.755020E-05  2.897893E-05  5.849123E-01  4.245077E-02  8.334387E-03  7.874111E-02  1.675609E-03  3.286170E-02  8.209398E-02  1.034969E-01  6.446946E-02  2.586642E-04
 2.557500E+02  5.950203E-04  8.897087E-05  2.933279E-05  5.851126E-01  4.257247E-02  8.323182E-03  7.891507E-02  1.688144E-03  3.291933E-02  8.207452E-02  1.031833E-01  6.424007E-02  2.579435E-04
 2.560000E+02  6.015643E-04  9.041183E-05  2.969027E-05  5.853124E-01  4.269402E-02  8.311920E-03  7.908862E-02  1.700740E-03  3.297676E-02  8.205468E-02  1.028708E-01  6.401121E-02  2.572234E-04
 2.562500E+02  6.081675E-04  9.187332E-05  3.005139E-05  5.855116E-01  4.281540E-02  8.300602E-03  7.926175E-02  1.713397E-03  3.303401E-02  8.203446E-02  1.025593E-01  6.378289E-02  2.565038E-04
 2.565000E+02  6.148302E-04  9.335560E-05  3.041620E-05  5.857103E-01  4.293663E-02  8.289228E-03  7.943447E-02  1.726115E-03  3.309107E-02  8.201385E-02  1.022488E-01  6.355509E-02  2.557847E-04
 2.567500E+02  6.215527E-04  9.485893E-05  3.078471E-05  5.859086E-01  4.305769E-02  8.277799E-03  7.960678E-02  1.738895E-03  3.314793E-02  8.199287E-02  1.019394E-01  6.332783E-02  2.550663E-04
 2.570000E+02  6.283356E-04  9.638354E-05  3.115697E-05  5.861063E-01  4.317858E-02  8.266316E-03  7.977866E-02  1.751736E-03  3.320461E-02  8.197152E-02  1.016310E-01  6.310111E-02  2.543485E-04
 2.572500E+02  6.351792E-04  9.792971E-05  3.153298E-05  5.863034E-01  4.329931E-02  8.254779E-03  7.995012E-02  1.764639E-03  3.326109E-02  8.194979E-02  1.013236E-01  6.287492E-02  2.536312E-04
 2.575000E+02  6.420840E-04  9.949769E-05  3.191280E-05  5.865001E-01  4.341987E-02  8.243189E-03  8.012117E-02  1.777603E-03  3.331738E-02  8.192769E-02  1.010173E-01  6.264928E-02  2.529147E-04
 2.577500E+02  6.490503E-04  1.010877E-04  3.229645E-05  5.866963E-01  4.354026E-02  8.231547E-03  8.029179E-02  1.790628E-03  3.337348E-02  8.190522E-02  1.007120E-01  6.242418E-02  2.521987E-04
 2.580000E+02  6.560785E-04  1.027001E-04  3.268395E-05  5.868919E-01  4.366048E-02  8.219853E-03  8.046199E-02  1.803715E-03  3.342939E-02  8.188239E-02  1.004077E-01  6.219963E-02  2.514835E-04
 2.582500E+02  6.631692E-04  1.043351E-04  3.307534E-05  5.870870E-01  4.378053E-02  8.208107E-03  8.063177E-02  1.816864E-03  3.348511E-02  8.185919E-02  1.001045E-01  6.197563E-02  2.507689E-04
 2.585000E+02  6.703226E-04  1.059930E-04  3.347065E-05  5.872816E-01  4.390040E-02  8.196312E-03  8.080112E-02  1.830075E-03  3.354063E-02  8.183562E-02  9.980221E-02  6.175217E-02  2.500550E-04
 2.587500E+02  6.775392E-04  1.076740E-04  3.386991E-05  5.874757E-01  4.402010E-02  8.184466E-03  8.097005E-02  1.843348E-03  3.359597E-02  8.181170E-02  9.950098E-02  6.152927E-02  2.493418E-04
 2.590000E+02  6.848194E-04  1.093785E-04  3.427315E-05  5.876693E-01  4.413962E-02  8.172572E-03  8.113855E-02  1.856682E-03  3.365111E-02  8.178742E-02  9.920076E-02  6.130692E-02  2.486294E-04
 2.592500E+02  6.921637E-04  1.111066E-04  3.468040E-05  5.878623E-01  4.425897E-02  8.160628E-03  8.130662E-02  1.870079E-03  3.370605E-02  8.176279E-02  9.890155E-02  6.108513E-02  2.479177E-04
 2.595000E+02  6.995724E-04  1.128588E-04  3.509169E-05  5.880549E-01  4.437813E-02  8.148637E-03  8.147426E-02  1.883538E-03  3.376081E-02  8.173780E-02  9.860335E-02  6.086389E-02  2.472068E-04
 2.597500E+02  7.070461E-04  1.146352E-04  3.550706E-05  5.882469E-01  4.449712E-02  8.136599E-03  8.164147E-02  1.897059E-03  3.381537E-02  8.171246E-02  9.830615E-02  6.064322E-02  2.464966E-04
 2.600000E+02  7.145850E-04  1.164362E-04  3.592654E-05  5.884384E-01  4.461593E-02  8.124514E-03  8.180824E-02  1.910642E-03  3.386974E-02  8.168677E-02  9.800994E-02  6.042310E-02  2.457872E-04
 2.602500E+02  7.221897E-04  1.182620E-04  3.635015E-05  5.886294E-01  4.473455E-02  8.112383E-03  8.197459E-02  1.924287E-03  3.392392E-02  8.166073E-02  9.771473E-02  6.020355E-02  2.450786E-04
 2.605000E+02  7.298606E-04  1.201129E-04  3.677793E-05  5.888198E-01  4.485299E-02  8.100206E-03  8.214050E-02  1.937995E-03  3.397790E-02  8.163435E-02  9.742052E-02  5.998457E-02  2.443709E-04
 2.607500E+02  7.375981E-04  1.219893E-04  3.720991E-05  5.890098E-01  4.497124E-02  8.087985E-03  8.230598E-02  1.951765E-03  3.403169E-02  8.160762E-02  9.712729E-02  5.976615E-02  2.436639E-04
 2.610000E+02  7.454026E-04  1.238914E-04  3.764613E-05  5.891993E-01  4.508931E-02  8.075719E-03  8.247102E-02  1.965597E-03  3.408529E-02  8.158056E-02  9.683505E-02  5.954830E-02  2.429579E-04
 2.612500E+02  7.532746E-04  1.258195E-04  3.808661E-05  5.893882E-01  4.520719E-02  8.063410E-03  8.263563E-02  1.979492E-03  3.413869E-02  8.155315E-02  9.654380E-02  5.933102E-02  2.422526E-04
 2.615000E+02  7.612145E-04  1.277740E-04  3.853139E-05  5.895766E-01  4.532488E-02  8.051058E-03  8.279980E-02  1.993450E-03  3.419191E-02  8.152541E-02  9.625353E-02  5.911431E-02  2.415483E-04
 2.617500E+02  7.692227E-04  1.297551E-04  3.898050E-05  5.897645E-01  4.544239E-02  8.038664E-03  8.296353E-02  2.007470E-03  3.424492E-02  8.149734E-02  9.596423E-02  5.889817E-02  2.408448E-04
 2.620000E+02  7.772998E-04  1.317631E-04  3.943398E-05  5.899519E-01  4.555970E-02  8.026228E-03  8.312682E-02  2.021553E-03  3.429775E-02  8.146893E-02  9.567591E-02  5.868261E-02  2.401422E-04
 2.622500E+02  7.854460E-04  1.337984E-04  3.989185E-05  5.901387E-01  4.567682E-02  8.013751E-03  8.328967E-02  2.035699E-03  3.435038E-02  8.144019E-02  9.538856E-02  5.846763E-02  2.394405E-04
 2.625000E+02  7.936620E-04  1.358613E-04  4.035416E-05  5.903251E-01  4.579375E-02  8.001234E-03  8.345208E-02  2.049908E-03  3.440282E-02  8.141112E-02  9.510218E-02  5.825322E-02  2.387398E-04
 2.627500E+02  8.019480E-04  1.379520E-04  4.082092E-05  5.905109E-01  4.591048E-02  7.988676E-03  8.361405E-02  2.064179E-03  3.445507E-02  8.138173E-02  9.481677E-02  5.803939E-02  2.380400E-04
 2.630000E+02  8.103046E-04  1.400710E-04  4.129219E-05  5.906962E-01  4.602702E-02  7.976080E-03  8.377558E-02  2.078514E-03  3.450712E-02  8.135202E-02  9.453232E-02  5.782614E-02  2.373411E-04
 2.632500E+02  8.187322E-04  1.422184E-04  4.176798E-05  5.908810E-01  4.614336E-02  7.963444E-03  8.393667E-02  2.092911E-03  3.455898E-02  8.132198E-02  9.424883E-02  5.761347E-02  2.366432E-04
 2.635000E+02  8.272313E-04  1.443948E-04  4.224835E-05  5.910653E-01  4.625950E-02  7.950771E-03  8.409731E-02  2.107372E-03  3.461065E-02  8.129162E-02  9.396630E-02  5.740139E-02  2.359463E-04
 2.637500E+02  8.358023E-04  1.466003E-04  4.273331E-05  5.912490E-01  4.637545E-02  7.938060E-03  8.425751E-02  2.121895E-03  3.466212E-02  8.126095E-02  9.368472E-02  5.718989E-02  2.352503E-04
 2.640000E+02  8.444456E-04  1.488354E-04  4.322290E-05  5.914323E-01  4.649119E-02  7.925313E-03  8.441726E-02  2.136482E-03  3.471340E-02  8.122995E-02  9.340409E-02  5.697897E-02  2.345554E-04
 2.642500E+02  8.531617E-04  1.511003E-04  4.371716E-05  5.916150E-01  4.660674E-02  7.912529E-03  8.457657E-02  2.151132E-03  3.476449E-02  8.119865E-02  9.312441E-02  5.676865E-02  2.338614E-04
 2.645000E+02  8.619512E-04  1.533954E-04  4.421612E-05  5.917972E-01  4.672208E-02  7.899709E-03  8.473543E-02  2.165846E-03  3.481538E-02  8.116704E-02  9.284568E-02  5.655891E-02  2.331685E-04
 2.647500E+02  8.708143E-04  1.557210E-04  4.471982E-05  5.919789E-01  4.683723E-02  7.886854E-03  8.489384E-02  2.180622E-03  3.486609E-02  8.113511E-02  9.256789E-02  5.634975E-02  2.324766E-04
 2.650000E+02  8.797516E-04  1.580775E-04  4.522829E-05  5.921601E-01  4.695216E-02  7.873965E-03  8.505181E-02  2.195462E-03  3.491659E-02  8.110288E-02  9.229104E-02  5.614119E-02  2.317857E-04
 2.652500E+02  8.887636E-04  1.604652E-04  4.574157E-05  5.923407E-01  4.706690E-02  7.861041E-03  8.520933E-02  2.210366E-03  3.496691E-02  8.107034E-02  9.201512E-02  5.593322E-02  2.310959E-04
 2.655000E+02  8.978507E-04  1.628845E-04  4.625969E-05  5.925208E-01  4.718143E-02  7.848085E-03  8.536640E-02  2.225332E-03  3.501703E-02  8.103750E-02  9.174014E-02  5.572584E-02  2.304072E-04
 2.657500E+02  9.070133E-04  1.653358E-04  4.678269E-05  5.927005E-01  4.729575E-02  7.835095E-03  8.552302E-02  2.240363E-03  3.506696E-02  8.100436E-02  9.146610E-02  5.551905E-02  2.297196E-04
 2.660000E+02  9.162520E-04  1.678193E-04  4.731060E-05  5.928795E-01  4.740987E-02  7.822073E-03  8.567919E-02  2.255457E-03  3.511670E-02  8.097092E-02  9.119298E-02  5.531286E-02  2.290330E-04
 2.662500E+02  9.255672E-04  1.703355E-04  4.784345E-05  5.930581E-01  4.752377E-02  7.809020E-03  8.583491E-02  2.270614E-03  3.516625E-02  8.093719E-02  9.092078E-02  5.510726E-02  2.283475E-04
 2.665000E+02  9.349594E-04  1.728847E-04  4.838130E-05  5.932362E-01  4.763747E-02  7.795936E-03  8.599018E-02  2.285836E-03  3.521560E-02  8.090315E-02  9.064951E-02  5.490225E-02  2.276632E-04
 2.667500E+02  9.444290E-04  1.754672E-04  4.892416E-05  5.934137E-01  4.775096E-02  7.782820E-03  8.614500E-02  2.301121E-03  3.526476E-02  8.086883E-02  9.037916E-02  5.469785E-02  2.269799E-04
 2.670000E+02  9.539766E-04  1.780835E-04  4.947208E-05  5.935907E-01  4.786424E-02  7.769675E-03  8.629937E-02  2.316469E-03  3.531373E-02  8.083422E-02  9.010972E-02  5.449404E-02  2.262978E-04
 2.672500E+02  9.636025E-04  1.807339E-04  5.002510E-05  5.937672E-01  4.797730E-02  7.756501E-03  8.645328E-02  2.331882E-03  3.536250E-02  8.079931E-02  8.984120E-02  5.429082E-02  2.256168E-04
 2.675000E+02  9.733073E-04  1.834189E-04  5.058324E-05  5.939432E-01  4.809016E-02  7.743298E-03  8.660675E-02  2.347358E-03  3.541109E-02  8.076412E-02  8.957359E-02  5.408821E-02  2.249370E-04
 2.677500E+02  9.830915E-04  1.861387E-04  5.114655E-05  5.941186E-01  4.820280E-02  7.730066E-03  8.675976E-02  2.362899E-03  3.545948E-02  8.072865E-02  8.930688E-02  5.388620E-02  2.242583E-04
 2.680000E+02  9.929554E-04  1.888937E-04  5.171506E-05  5.942936E-01  4.831522E-02  7.716807E-03  8.691232E-02  2.378503E-03  3.550768E-02  8.069289E-02  8.904109E-02  5.368478E-02  2.235808E-04
 2.682500E+02  1.002900E-03  1.916844E-04  5.228882E-05  5.944680E-01  4.842743E-02  7.703520E-03  8.706442E-02  2.394171E-03  3.555568E-02  8.065686E-02  8.877619E-02  5.348397E-02  2.229045E-04
 2.685000E+02  1.012925E-03  1.945112E-04  5.286785E-05  5.946419E-01  4.853943E-02  7.690207E-03  8.721607E-02  2.409903E-03  3.560350E-02  8.062054E-02  8.851220E-02  5.328375E-02  2.222294E-04
 2.687500E+02  1.023031E-03  1.973744E-04  5.345220E-05  5.948152E-01  4.865121E-02  7.676868E-03  8.736727E-02  2.425699E-03  3.565113E-02  8.058395E-02  8.824910E-02  5.308414E-02  2.215554E-04
 2.690000E+02  1.033219E-03  2.002744E-04  5.404189E-05  5.949881E-01  4.876277E-02  7.663503E-03  8.751801E-02  2.441560E-03  3.569856E-02  8.054708E-02  8.798689E-02  5.288513E-02  2.208827E-04
 2.692500E+02  1.043490E-03  2.032116E-04  5.463699E-05  5.951604E-01  4.887412E-02  7.650113E-03  8.766830E-02  2.457484E-03  3.574580E-02  8.050994E-02  8.772558E-02  5.268673E-02  2.202112E-04
 2.695000E+02  1.053843E-03  2.061864E-04  5.523750E-05  5.953322E-01  4.898524E-02  7.636698E-03  8.781813E-02  2.473473E-03  3.579285E-02  8.047253E-02  8.746515E-02  5.248893E-02  2.195409E-04
 2.697500E+02  1.064279E-03  2.091993E-04  5.584349E-05  5.955035E-01  4.909615E-02  7.623260E-03  8.796751E-02  2.489526E-03  3.583972E-02  8.043485E-02  8.720561E-02  5.229173E-02  2.188718E-04
 2.700000E+02  1.074799E-03  2.122507E-04  5.645498E-05  5.956742E-01  4.920683E-02  7.609798E-03  8.811643E-02  2.505643E-03  3.588639E-02  8.039691E-02  8.694696E-02  5.209513E-02  2.182040E-04
 2.702500E+02  1.085403E-03  2.153409E-04  5.707201E-05  5.958444E-01  4.931730E-02  7.596313E-03  8.826490E-02  2.521824E-03  3.593287E-02  8.035870E-02  8.668918E-02  5.189914E-02  2.175374E-04
 2.705000E+02  1.096092E-03  2.184704E-04  5.769463E-05  5.960141E-01  4.942754E-02  7.582806E-03  8.841291E-02  2.538070E-03  3.597916E-02  8.032023E-02  8.643228E-02  5.170376E-02  2.168721E-04
 2.707500E+02  1.106866E-03  2.216396E-04  5.832287E-05  5.961833E-01  4.953756E-02  7.569276E-03  8.856047E-02  2.554379E-03  3.602526E-02  8.028150E-02  8.617626E-02  5.150898E-02  2.162081E-04
 2.710000E+02  1.117726E-03  2.248489E-04  5.895676E-05  5.963519E-01  4.964736E-02  7.555726E-03  8.870757E-02  2.570754E-03  3.607117E-02  8.024251E-02  8.592110E-02  5.131480E-02  2.155453E-04
 2.712500E+02  1.128672E-03  2.280988E-04  5.959636E-05  5.965201E-01  4.975694E-02  7.542154E-03  8.885421E-02  2.587193E-03  3.611689E-02  8.020326E-02  8.566682E-02  5.112124E-02  2.148838E-04
 2.715000E+02  1.139705E-03  2.313896E-04  6.024169E-05  5.966876E-01  4.986629E-02  7.528562E-03  8.900040E-02  2.603696E-03  3.616242E-02  8.016376E-02  8.541340E-02  5.092828E-02  2.142236E-04
 2.717500E+02  1.150825E-03  2.347219E-04  6.089281E-05  5.968547E-01  4.997541E-02  7.514950E-03  8.914613E-02  2.620264E-03  3.620776E-02  8.012400E-02  8.516085E-02  5.073592E-02  2.135647E-04
 2.720000E+02  1.162032E-03  2.380961E-04  6.154974E-05  5.970213E-01  5.008431E-02  7.501319E-03  8.929140E-02  2.636896E-03  3.625291E-02  8.008400E-02  8.490915E-02  5.054417E-02  2.129071E-04
 2.722500E+02  1.173328E-03  2.415125E-04  6.221252E-05  5.971873E-01  5.019299E-02  7.487669E-03  8.943622E-02  2.653592E-03  3.629787E-02  8.004374E-02  8.465832E-02  5.035303E-02  2.122508E-04
 2.725000E+02  1.184713E-03  2.449718E-04  6.288121E-05  5.973527E-01  5.030144E-02  7.474001E-03  8.958058E-02  2.670354E-03  3.634265E-02  8.000324E-02  8.440833E-02  5.016249E-02  2.115959E-04
 2.727500E+02  1.196186E-03  2.484742E-04  6.355583E-05  5.975177E-01  5.040966E-02  7.460314E-03  8.972449E-02  2.687180E-03  3.638723E-02  7.996249E-02  8.415921E-02  4.997257E-02  2.109422E-04
 2.730000E+02  1.207750E-03  2.520203E-04  6.423643E-05  5.976821E-01  5.051765E-02  7.446611E-03  8.986794E-02  2.704070E-03  3.643163E-02  7.992151E-02  8.391093E-02  4.978324E-02  2.102899E-04
 2.732500E+02  1.219404E-03  2.556105E-04  6.492305E-05  5.978460E-01  5.062541E-02  7.432890E-03  9.001093E-02  2.721025E-03  3.647584E-02  7.988027E-02  8.366349E-02  4.959453E-02  2.096390E-04
 2.735000E+02  1.231148E-03  2.592452E-04  6.561572E-05  5.980094E-01  5.073295E-02  7.419153E-03  9.015347E-02  2.738045E-03  3.651986E-02  7.983880E-02  8.341691E-02  4.940642E-02  2.089894E-04
 2.737500E+02  1.242984E-03  2.629251E-04  6.631450E-05  5.981722E-01  5.084026E-02  7.405400E-03  9.029555E-02  2.755130E-03  3.656370E-02  7.979710E-02  8.317116E-02  4.921892E-02  2.083411E-04
 2.740000E+02  1.254912E-03  2.666504E-04  6.701942E-05  5.983345E-01  5.094734E-02  7.391631E-03  9.043717E-02  2.772279E-03  3.660735E-02  7.975515E-02  8.292625E-02  4.903203E-02  2.076942E-04
 2.742500E+02  1.266932E-03  2.704217E-04  6.773052E-05  5.984963E-01  5.105418E-02  7.377848E-03  9.057833E-02  2.789493E-03  3.665081E-02  7.971298E-02  8.268218E-02  4.884575E-02  2.070487E-04
 2.745000E+02  1.279045E-03  2.742395E-04  6.844784E-05  5.986575E-01  5.116080E-02  7.364050E-03  9.071904E-02  2.806772E-03  3.669408E-02  7.967057E-02  8.243894E-02  4.866007E-02  2.064045E-04
 2.747500E+02  1.291251E-03  2.781043E-04  6.917143E-05  5.988182E-01  5.126718E-02  7.350238E-03  9.085930E-02  2.824116E-03  3.673717E-02  7.962793E-02  8.219653E-02  4.847500E-02  2.057617E-04
 2.750000E+02  1.303551E-03  2.820164E-04  6.990133E-05  5.989784E-01  5.137334E-02  7.336412E-03  9.099910E-02  2.841524E-03  3.678007E-02  7.958506E-02  8.195495E-02  4.829053E-02  2.051203E-04
 2.752500E+02  1.315946E-03  2.859765E-04  7.063757E-05  5.991381E-01  5.147926E-02  7.322573E-03  9.113844E-02  2.858998E-03  3.682278E-02  7.954197E-02  8.171420E-02  4.810667E-02  2.044803E-04
 2.755000E+02  1.328436E-03  2.899851E-04  7.138021E-05  5.992972E-01  5.158495E-02  7.308721E-03  9.127733E-02  2.876536E-03  3.686531E-02  7.949865E-02  8.147426E-02  4.792342E-02  2.038417E-04
 2.757500E+02  1.341021E-03  2.940425E-04  7.212928E-05  5.994557E-01  5.169040E-02  7.294858E-03  9.141576E-02  2.894139E-03  3.690766E-02  7.945512E-02  8.123515E-02  4.774078E-02  2.032046E-04
 2.760000E+02  1.353702E-03  2.981493E-04  7.288483E-05  5.996138E-01  5.179562E-02  7.280982E-03  9.155373E-02  2.911807E-03  3.694982E-02  7.941136E-02  8.099686E-02  4.755874E-02  2.025688E-04
 2.762500E+02  1.366479E-03  3.023061E-04  7.364689E-05  5.997713E-01  5.190061E-02  7.267095E-03  9.169125E-02  2.929540E-03  3.699179E-02  7.936738E-02  8.075937E-02  4.737731E-02  2.019344E-04
 2.765000E+02  1.379354E-03  3.065133E-04  7.441552E-05  5.999283E-01  5.200537E-02  7.253197E-03  9.182832E-02  2.947338E-03  3.703358E-02  7.932318E-02  8.052270E-02  4.719648E-02  2.013014E-04
 2.767500E+02  1.392326E-03  3.107715E-04  7.519075E-05  6.000847E-01  5.210988E-02  7.239289E-03  9.196493E-02  2.965201E-03  3.707519E-02  7.927877E-02  8.028684E-02  4.701626E-02  2.006699E-04
 2.770000E+02  1.405397E-03  3.150811E-04  7.597262E-05  6.002406E-01  5.221417E-02  7.225371E-03  9.210108E-02  2.983129E-03  3.711661E-02  7.923415E-02  8.005179E-02  4.683664E-02  2.000398E-04
 2.772500E+02  1.418566E-03  3.194427E-04  7.676119E-05  6.003959E-01  5.231822E-02  7.211443E-03  9.223678E-02  3.001122E-03  3.715785E-02  7.918931E-02  7.981754E-02  4.665763E-02  1.994112E-04
 2.775000E+02  1.431834E-03  3.238568E-04  7.755649E-05  6.005507E-01  5.242203E-02  7.197506E-03  9.237203E-02  3.019180E-03  3.719890E-02  7.914426E-02  7.958409E-02  4.647922E-02  1.987839E-04
 2.777500E+02  1.445203E-03  3.283240E-04  7.835857E-05  6.007050E-01  5.252561E-02  7.183560E-03  9.250682E-02  3.037303E-03  3.723977E-02  7.909901E-02  7.935144E-02  4.630141E-02  1.981582E-04
 2.780000E+02  1.458671E-03  3.328447E-04  7.916748E-05  6.008588E-01  5.262895E-02  7.169606E-03  9.264116E-02  3.055491E-03  3.728046E-02  7.905355E-02  7.911959E-02  4.612421E-02  1.975339E-04
 2.782500E+02  1.472240E-03  3.374195E-04  7.998324E-05  6.010120E-01  5.273205E-02  7.155644E-03  9.277505E-02  3.073745E-03  3.732097E-02  7.900789E-02  7.888853E-02  4.594762E-02  1.969110E-04
 2.785000E+02  1.485911E-03  3.420491E-04  8.080592E-05  6.011646E-01  5.283492E-02  7.141675E-03  9.290848E-02  3.092063E-03  3.736129E-02  7.896202E-02  7.865825E-02  4.577162E-02  1.962896E-04
 2.787500E+02  1.499684E-03  3.467338E-04  8.163555E-05  6.013167E-01  5.293755E-02  7.127698E-03  9.304146E-02  3.110446E-03  3.740143E-02  7.891595E-02  7.842877E-02  4.559623E-02  1.956696E-04
 2.790000E+02  1.513559E-03  3.514742E-04  8.247219E-05  6.014683E-01  5.303994E-02  7.113715E-03  9.317399E-02  3.128895E-03  3.744139E-02  7.886968E-02  7.820007E-02  4.542144E-02  1.950512E-04
 2.792500E+02  1.527538E-03  3.562710E-04  8.331586E-05  6.016193E-01  5.314209E-02  7.099726E-03  9.330607E-02  3.147409E-03  3.748117E-02  7.882322E-02  7.797216E-02  4.524725E-02  1.944342E-04
 2.795000E+02  1.541620E-03  3.611247E-04  8.416662E-05  6.017698E-01  5.324401E-02  7.085731E-03  9.343769E-02  3.165988E-03  3.752077E-02  7.877656E-02  7.774503E-02  4.507366E-02  1.938186E-04
 2.797500E+02  1.555806E-03  3.660358E-04  8.502452E-05  6.019198E-01  5.334569E-02  7.071730E-03  9.356887E-02  3.184632E-03  3.756019E-02  7.872970E-02  7.751867E-02  4.490067E-02  1.932046E-04
 2.800000E+02  1.570097E-03  3.710049E-04  8.588960E-05  6.020692E-01  5.344713E-02  7.057725E-03  9.369959E-02  3.203341E-03  3.759943E-02  7.868266E-02  7.729309E-02  4.472828E-02  1.925920E-04
 2.802500E+02  1.584493E-03  3.760326E-04  8.676190E-05  6.022180E-01  5.354833E-02  7.043715E-03  9.382986E-02  3.222115E-03  3.763848E-02  7.863542E-02  7.706828E-02  4.455649E-02  1.919810E-04
 2.805000E+02  1.598995E-03  3.811195E-04  8.764147E-05  6.023664E-01  5.364929E-02  7.029700E-03  9.395968E-02  3.240955E-03  3.767736E-02  7.858799E-02  7.684424E-02  4.438530E-02  1.913714E-04
 2.807500E+02  1.613604E-03  3.862661E-04  8.852835E-05  6.025141E-01  5.375001E-02  7.015682E-03  9.408906E-02  3.259860E-03  3.771606E-02  7.854038E-02  7.662096E-02  4.421470E-02  1.907633E-04
 2.810000E+02  1.628319E-03  3.914730E-04  8.942260E-05  6.026613E-01  5.385049E-02  7.001661E-03  9.421798E-02  3.278830E-03  3.775458E-02  7.849258E-02  7.639846E-02  4.404471E-02  1.901567E-04
 2.812500E+02  1.643142E-03  3.967409E-04  9.032426E-05  6.028080E-01  5.395073E-02  6.987636E-03  9.434646E-02  3.297865E-03  3.779293E-02  7.844460E-02  7.617671E-02  4.387531E-02  1.895516E-04
 2.815000E+02  1.658073E-03  4.020703E-04  9.123337E-05  6.029541E-01  5.405074E-02  6.973608E-03  9.447448E-02  3.316966E-03  3.783109E-02  7.839643E-02  7.595572E-02  4.370650E-02  1.889480E-04
 2.817500E+02  1.673113E-03  4.074618E-04  9.214998E-05  6.030997E-01  5.415050E-02  6.959579E-03  9.460206E-02  3.336132E-03  3.786908E-02  7.834809E-02  7.573549E-02  4.353829E-02  1.883460E-04
 2.820000E+02  1.688262E-03  4.129160E-04  9.307414E-05  6.032447E-01  5.425002E-02  6.945547E-03  9.472919E-02  3.355363E-03  3.790689E-02  7.829956E-02  7.551602E-02  4.337068E-02  1.877454E-04
 2.822500E+02  1.703521E-03  4.184336E-04  9.400589E-05  6.033892E-01  5.434930E-02  6.931514E-03  9.485588E-02  3.374659E-03  3.794452E-02  7.825086E-02  7.529729E-02  4.320365E-02  1.871464E-04
 2.825000E+02  1.718891E-03  4.240151E-04  9.494528E-05  6.035331E-01  5.444835E-02  6.917480E-03  9.498212E-02  3.394021E-03  3.798197E-02  7.820198E-02  7.507932E-02  4.303722E-02  1.865489E-04
 2.827500E+02  1.734371E-03  4.296612E-04  9.589236E-05  6.036765E-01  5.454715E-02  6.903444E-03  9.510791E-02  3.413448E-03  3.801925E-02  7.815293E-02  7.486209E-02  4.287139E-02  1.859528E-04
 2.830000E+02  1.749963E-03  4.353725E-04  9.684718E-05  6.038193E-01  5.464571E-02  6.889409E-03  9.523326E-02  3.432940E-03  3.805636E-02  7.810371E-02  7.464561E-02  4.270614E-02  1.853584E-04
 2.832500E+02  1.765667E-03  4.411496E-04  9.780978E-05  6.039616E-01  5.474403E-02  6.875373E-03  9.535816E-02  3.452497E-03  3.809328E-02  7.805431E-02  7.442987E-02  4.254149E-02  1.847654E-04
 2.835000E+02  1.781484E-03  4.469931E-04  9.878021E-05  6.041033E-01  5.484210E-02  6.861337E-03  9.548262E-02  3.472120E-03  3.813004E-02  7.800475E-02  7.421486E-02  4.237742E-02  1.841740E-04
 2.837500E+02  1.797414E-03  4.529038E-04  9.975852E-05  6.042445E-01  5.493994E-02  6.847302E-03  9.560664E-02  3.491808E-03  3.816661E-02  7.795502E-02  7.400060E-02  4.221394E-02  1.835841E-04
 2.840000E+02  1.813457E-03  4.588822E-04  1.007448E-04  6.043851E-01  5.503754E-02  6.833268E-03  9.573021E-02  3.511561E-03  3.820302E-02  7.790512E-02  7.378706E-02  4.205106E-02  1.829957E-04
 2.842500E+02  1.829616E-03  4.649290E-04  1.017390E-04  6.045251E-01  5.513489E-02  6.819235E-03  9.585334E-02  3.531380E-03  3.823925E-02  7.785506E-02  7.357426E-02  4.188875E-02  1.824089E-04
 2.845000E+02  1.845889E-03  4.710448E-04  1.027412E-04  6.046646E-01  5.523201E-02  6.805204E-03  9.597603E-02  3.551264E-03  3.827530E-02  7.780484E-02  7.336219E-02  4.172704E-02  1.818236E-04
 2.847500E+02  1.862278E-03  4.772303E-04  1.037515E-04  6.048036E-01  5.532888E-02  6.791175E-03  9.609828E-02  3.571213E-03  3.831118E-02  7.775445E-02  7.315084E-02  4.156591E-02  1.812399E-04
 2.850000E+02  1.878783E-03  4.834862E-04  1.047699E-04  6.049419E-01  5.542551E-02  6.777148E-03  9.622008E-02  3.591228E-03  3.834689E-02  7.770391E-02  7.294022E-02  4.140536E-02  1.806577E-04
 2.852500E+02  1.895406E-03  4.898131E-04  1.057965E-04  6.050798E-01  5.552190E-02  6.763124E-03  9.634145E-02  3.611308E-03  3.838243E-02  7.765321E-02  7.273032E-02  4.124540E-02  1.800770E-04
 2.855000E+02  1.912145E-03  4.962117E-04  1.068314E-04  6.052170E-01  5.561805E-02  6.749102E-03  9.646237E-02  3.631453E-03  3.841779E-02  7.760235E-02  7.252114E-02  4.108602E-02  1.794979E-04
 2.857500E+02  1.929002E-03  5.026827E-04  1.078744E-04  6.053537E-01  5.571396E-02  6.735084E-03  9.658286E-02  3.651663E-03  3.845299E-02  7.755133E-02  7.231268E-02  4.092722E-02  1.789203E-04
 2.860000E+02  1.945979E-03  5.092267E-04  1.089258E-04  6.054899E-01  5.580962E-02  6.721070E-03  9.670291E-02  3.671939E-03  3.848801E-02  7.750017E-02  7.210493E-02  4.076900E-02  1.783443E-04
 2.862500E+02  1.963074E-03  5.158445E-04  1.099856E-04  6.056255E-01  5.590505E-02  6.707060E-03  9.682253E-02  3.692280E-03  3.852286E-02  7.744885E-02  7.189789E-02  4.061137E-02  1.777698E-04
 2.865000E+02  1.980289E-03  5.225367E-04  1.110538E-04  6.057605E-01  5.600023E-02  6.693053E-03  9.694170E-02  3.712686E-03  3.855754E-02  7.739738E-02  7.169156E-02  4.045431E-02  1.771969E-04
 2.867500E+02  1.997624E-03  5.293041E-04  1.121305E-04  6.058949E-01  5.609517E-02  6.679052E-03  9.706044E-02  3.733158E-03  3.859205E-02  7.734576E-02  7.148593E-02  4.029782E-02  1.766255E-04
 2.870000E+02  2.015081E-03  5.361473E-04  1.132156E-04  6.060288E-01  5.618987E-02  6.665055E-03  9.717875E-02  3.753695E-03  3.862639E-02  7.729399E-02  7.128101E-02  4.014192E-02  1.760557E-04
 2.872500E+02  2.032659E-03  5.430671E-04  1.143094E-04  6.061621E-01  5.628433E-02  6.651063E-03  9.729662E-02  3.774297E-03  3.866056E-02  7.724208E-02  7.107680E-02  3.998659E-02  1.754874E-04
 2.875000E+02  2.050359E-03  5.500641E-04  1.154117E-04  6.062949E-01  5.637854E-02  6.637077E-03  9.741405E-02  3.794965E-03  3.869456E-02  7.719003E-02  7.087328E-02  3.983183E-02  1.749207E-04
 2.877500E+02  2.068182E-03  5.571391E-04  1.165228E-04  6.064271E-01  5.647252E-02  6.623097E-03  9.753105E-02  3.815698E-03  3.872839E-02  7.713783E-02  7.067046E-02  3.967765E-02  1.743556E-04
 2.880000E+02  2.086129E-03  5.642927E-04  1.176425E-04  6.065587E-01  5.656625E-02  6.609122E-03  9.764762E-02  3.836496E-03  3.876206E-02  7.708548E-02  7.046833E-02  3.952404E-02  1.737920E-04
 2.882500E+02  2.104200E-03  5.715259E-04  1.187710E-04  6.066898E-01  5.665975E-02  6.595155E-03  9.776376E-02  3.857359E-03  3.879556E-02  7.703300E-02  7.026689E-02  3.937100E-02  1.732300E-04
 2.885000E+02  2.122395E-03  5.788391E-04  1.199084E-04  6.068203E-01  5.675300E-02  6.581193E-03  9.787947E-02  3.878288E-03  3.882889E-02  7.698038E-02  7.006615E-02  3.921853E-02  1.726695E-04
 2.887500E+02  2.140715E-03  5.862333E-04  1.210546E-04  6.069502E-01  5.684601E-02  6.567239E-03  9.799474E-02  3.899282E-03  3.886205E-02  7.692763E-02  6.986609E-02  3.906663E-02  1.721106E-04
 2.890000E+02  2.159162E-03  5.937092E-04  1.222097E-04  6.070796E-01  5.693878E-02  6.553292E-03  9.810959E-02  3.920341E-03  3.889505E-02  7.687473E-02  6.966671E-02  3.891530E-02  1.715533E-04
 2.892500E+02  2.177735E-03  6.012674E-04  1.233738E-04  6.072084E-01  5.703131E-02  6.539353E-03  9.822401E-02  3.941466E-03  3.892788E-02  7.682171E-02  6.946802E-02  3.876453E-02  1.709975E-04
 2.895000E+02  2.196435E-03  6.089088E-04  1.245470E-04  6.073366E-01  5.712360E-02  6.525421E-03  9.833800E-02  3.962655E-03  3.896054E-02  7.676855E-02  6.927001E-02  3.861433E-02  1.704433E-04
 2.897500E+02  2.215262E-03  6.166340E-04  1.257292E-04  6.074642E-01  5.721564E-02  6.511498E-03  9.845156E-02  3.983910E-03  3.899304E-02  7.671526E-02  6.907267E-02  3.846470E-02  1.698907E-04
 2.900000E+02  2.234218E-03  6.244440E-04  1.269206E-04  6.075913E-01  5.730745E-02  6.497583E-03  9.856470E-02  4.005230E-03  3.902538E-02  7.666183E-02  6.887601E-02  3.831562E-02  1.693396E-04
 2.902500E+02  2.253303E-03  6.323394E-04  1.281211E-04  6.077178E-01  5.739902E-02  6.483676E-03  9.867741E-02  4.026616E-03  3.905755E-02  7.660828E-02  6.868003E-02  3.816711E-02  1.687901E-04
 2.905000E+02  2.272518E-03  6.403210E-04  1.293309E-04  6.078437E-01  5.749034E-02  6.469779E-03  9.878969E-02  4.048066E-03  3.908955E-02  7.655460E-02  6.848471E-02  3.801916E-02  1.682421E-04
 2.907500E+02  2.291863E-03  6.483897E-04  1.305500E-04  6.079690E-01  5.758143E-02  6.455890E-03  9.890155E-02  4.069582E-03  3.912140E-02  7.650080E-02  6.829006E-02  3.787177E-02  1.676957E-04
 2.910000E+02  2.311339E-03  6.565461E-04  1.317784E-04  6.080938E-01  5.767228E-02  6.442011E-03  9.901299E-02  4.091163E-03  3.915308E-02  7.644687E-02  6.809608E-02  3.772494E-02  1.671509E-04
 2.912500E+02  2.330946E-03  6.647911E-04  1.330162E-04  6.082180E-01  5.776288E-02  6.428142E-03  9.912401E-02  4.112809E-03  3.918459E-02  7.639282E-02  6.790276E-02  3.757866E-02  1.666076E-04
 2.915000E+02  2.350685E-03  6.731255E-04  1.342635E-04  6.083416E-01  5.785325E-02  6.414283E-03  9.923460E-02  4.134520E-03  3.921595E-02  7.633865E-02  6.771010E-02  3.743294E-02  1.660659E-04
 2.917500E+02  2.370557E-03  6.815501E-04  1.355202E-04  6.084646E-01  5.794338E-02  6.400434E-03  9.934477E-02  4.156297E-03  3.924714E-02  7.628435E-02  6.751810E-02  3.728778E-02  1.655258E-04
 2.920000E+02  2.390563E-03  6.900657E-04  1.367865E-04  6.085870E-01  5.803327E-02  6.386595E-03  9.945452E-02  4.178138E-03  3.927817E-02  7.622994E-02  6.732675E-02  3.714317E-02  1.649873E-04
 2.922500E+02  2.410702E-03  6.986731E-04  1.380625E-04  6.087089E-01  5.812292E-02  6.372767E-03  9.956386E-02  4.200045E-03  3.930904E-02  7.617541E-02  6.713606E-02  3.699911E-02  1.644503E-04
 2.925000E+02  2.430977E-03  7.073731E-04  1.393481E-04  6.088302E-01  5.821233E-02  6.358951E-03  9.967277E-02  4.222017E-03  3.933975E-02  7.612076E-02  6.694602E-02  3.685560E-02  1.639148E-04
 2.927500E+02  2.451386E-03  7.161666E-04  1.406434E-04  6.089509E-01  5.830150E-02  6.345145E-03  9.978127E-02  4.244054E-03  3.937030E-02  7.606599E-02  6.675663E-02  3.671264E-02  1.633810E-04
 2.930000E+02  2.471931E-03  7.250544E-04  1.419485E-04  6.090710E-01  5.839043E-02  6.331351E-03  9.988935E-02  4.266156E-03  3.940069E-02  7.601111E-02  6.656788E-02  3.657022E-02  1.628487E-04
 2.932500E+02  2.492613E-03  7.340373E-04  1.432634E-04  6.091906E-01  5.847912E-02  6.317568E-03  9.999701E-02  4.288323E-03  3.943092E-02  7.595612E-02  6.637978E-02  3.642836E-02  1.623179E-04
 2.935000E+02  2.513433E-03  7.431162E-04  1.445882E-04  6.093095E-01  5.856758E-02  6.303798E-03  1.001043E-01  4.310555E-03  3.946100E-02  7.590102E-02  6.619233E-02  3.628704E-02  1.617888E-04
 2.937500E+02  2.534390E-03  7.522919E-04  1.459230E-04  6.094279E-01  5.865580E-02  6.290039E-03  1.002111E-01  4.332852E-03  3.949091E-02  7.584581E-02  6.600551E-02  3.614626E-02  1.612612E-04
 2.940000E+02  2.555485E-03  7.615653E-04  1.472677E-04  6.095456E-01  5.874378E-02  6.276293E-03  1.003175E-01  4.355214E-03  3.952067E-02  7.579049E-02  6.581933E-02  3.600603E-02  1.607351E-04
 2.942500E+02  2.576720E-03  7.709373E-04  1.486225E-04  6.096628E-01  5.883152E-02  6.262560E-03  1.004235E-01  4.377641E-03  3.955026E-02  7.573506E-02  6.563378E-02  3.586634E-02  1.602106E-04
 2.945000E+02  2.598095E-03  7.804086E-04  1.499874E-04  6.097794E-01  5.891903E-02  6.248840E-03  1.005291E-01  4.400134E-03  3.957970E-02  7.567952E-02  6.544887E-02  3.572719E-02  1.596877E-04
 2.947500E+02  2.619610E-03  7.899802E-04  1.513624E-04  6.098954E-01  5.900630E-02  6.235132E-03  1.006343E-01  4.422691E-03  3.960899E-02  7.562388E-02  6.526458E-02  3.558857E-02  1.591663E-04
 2.950000E+02  2.641266E-03  7.996530E-04  1.527477E-04  6.100108E-01  5.909333E-02  6.221438E-03  1.007391E-01  4.445313E-03  3.963812E-02  7.556813E-02  6.508093E-02  3.545050E-02  1.586465E-04
 2.952500E+02  2.663064E-03  8.094278E-04  1.541432E-04  6.101257E-01  5.918013E-02  6.207758E-03  1.008435E-01  4.468000E-03  3.966709E-02  7.551229E-02  6.489790E-02  3.531296E-02  1.581283E-04
 2.955000E+02  2.685004E-03  8.193056E-04  1.555490E-04  6.102399E-01  5.926669E-02  6.194091E-03  1.009474E-01  4.490752E-03  3.969591E-02  7.545634E-02  6.471550E-02  3.517595E-02  1.576116E-04
 2.957500E+02  2.707088E-03  8.292872E-04  1.569653E-04  6.103535E-01  5.935301E-02  6.180438E-03  1.010510E-01  4.513568E-03  3.972457E-02  7.540029E-02  6.453371E-02  3.503948E-02  1.570964E-04
 2.960000E+02  2.729315E-03  8.393735E-04  1.583920E-04  6.104666E-01  5.943910E-02  6.166799E-03  1.011541E-01  4.536450E-03  3.975307E-02  7.534414E-02  6.435255E-02  3.490354E-02  1.565829E-04
 2.962500E+02  2.751687E-03  8.495655E-04  1.598291E-04  6.105790E-01  5.952495E-02  6.153175E-03  1.012569E-01  4.559397E-03  3.978143E-02  7.528789E-02  6.417200E-02  3.476813E-02  1.560708E-04
 2.965000E+02  2.774204E-03  8.598640E-04  1.612769E-04  6.106909E-01  5.961057E-02  6.139565E-03  1.013592E-01  4.582408E-03  3.980963E-02  7.523155E-02  6.399207E-02  3.463325E-02  1.555604E-04
 2.967500E+02  2.796866E-03  8.702700E-04  1.627352E-04  6.108021E-01  5.969595E-02  6.125970E-03  1.014611E-01  4.605484E-03  3.983767E-02  7.517511E-02  6.381274E-02  3.449890E-02  1.550514E-04
 2.970000E+02  2.819675E-03  8.807844E-04  1.642042E-04  6.109128E-01  5.978110E-02  6.112390E-03  1.015627E-01  4.628625E-03  3.986557E-02  7.511857E-02  6.363403E-02  3.436507E-02  1.545441E-04
 2.972500E+02  2.842631E-03  8.914081E-04  1.656839E-04  6.110228E-01  5.986602E-02  6.098825E-03  1.016638E-01  4.651831E-03  3.989331E-02  7.506194E-02  6.345593E-02  3.423177E-02  1.540383E-04
 2.975000E+02  2.865735E-03  9.021421E-04  1.671744E-04  6.111322E-01  5.995070E-02  6.085275E-03  1.017645E-01  4.675101E-03  3.992090E-02  7.500522E-02  6.327843E-02  3.409899E-02  1.535340E-04
 2.977500E+02  2.888987E-03  9.129874E-04  1.686758E-04  6.112411E-01  6.003515E-02  6.071741E-03  1.018649E-01  4.698437E-03  3.994833E-02  7.494841E-02  6.310154E-02  3.396673E-02  1.530313E-04
 2.980000E+02  2.912389E-03  9.239448E-04  1.701880E-04  6.113493E-01  6.011936E-02  6.058223E-03  1.019648E-01  4.721837E-03  3.997562E-02  7.489151E-02  6.292524E-02  3.383500E-02  1.525301E-04
 2.982500E+02  2.935940E-03  9.350153E-04  1.717112E-04  6.114570E-01  6.020334E-02  6.044720E-03  1.020644E-01  4.745301E-03  4.000276E-02  7.483452E-02  6.274955E-02  3.370378E-02  1.520304E-04
 2.985000E+02  2.959641E-03  9.462000E-04  1.732454E-04  6.115640E-01  6.028709E-02  6.031234E-03  1.021635E-01  4.768830E-03  4.002974E-02  7.477744E-02  6.257445E-02  3.357308E-02  1.515323E-04
 2.987500E+02  2.983494E-03  9.574997E-04  1.747907E-04  6.116704E-01  6.037061E-02  6.017764E-03  1.022622E-01  4.792424E-03  4.005658E-02  7.472028E-02  6.239995E-02  3.344289E-02  1.510358E-04
 2.990000E+02  3.007498E-03  9.689154E-04  1.763471E-04  6.117763E-01  6.045389E-02  6.004310E-03  1.023606E-01  4.816083E-03  4.008327E-02  7.466303E-02  6.222604E-02  3.331322E-02  1.505408E-04
 2.992500E+02  3.031655E-03  9.804482E-04  1.779147E-04  6.118815E-01  6.053695E-02  5.990873E-03  1.024586E-01  4.839806E-03  4.010981E-02  7.460569E-02  6.205272E-02  3.318406E-02  1.500473E-04
 2.995000E+02  3.055965E-03  9.920990E-04  1.794935E-04  6.119861E-01  6.061977E-02  5.977453E-03  1.025561E-01  4.863593E-03  4.013620E-02  7.454828E-02  6.187998E-02  3.305542E-02  1.495553E-04
 2.997500E+02  3.080429E-03  1.003869E-03  1.810836E-04  6.120901E-01  6.070236E-02  5.964050E-03  1.026533E-01  4.887446E-03  4.016244E-02  7.449078E-02  6.170784E-02  3.292728E-02  1.490649E-04
 3.000000E+02  3.105048E-03  1.015759E-03  1.826851E-04  6.121935E-01  6.078472E-02  5.950664E-03  1.027501E-01  4.911362E-03  4.018853E-02  7.443319E-02  6.153627E-02  3.279966E-02  1.485760E-04
 3.002500E+02  3.129822E-03  1.027769E-03  1.842981E-04  6.122962E-01  6.086685E-02  5.937296E-03  1.028465E-01  4.935343E-03  4.021448E-02  7.437553E-02  6.136529E-02  3.267254E-02  1.480887E-04
 3.005000E+02  3.154751E-03  1.039902E-03  1.859225E-04  6.123984E-01  6.094876E-02  5.923945E-03  1.029425E-01  4.959389E-03  4.024028E-02  7.431779E-02  6.119489E-02  3.254592E-02  1.476028E-04
