#         T/K            w1            w2            w3            w5            d1            d2          d1w1         d1w2A         d1w2B          d1w3          d1w4          d2w1          d2w2
 2.500000E+02  6.467505E-04  5.937889E-05  1.488059E-05  1.879118E-01  1.284791E-01  4.410837E-02  1.675601E-01  2.195504E-03  4.894290E-02  8.857795E-02  8.238687E-02  2.484378E-01  6.785988E-04
 2.502500E+02  6.544561E-04  6.041009E-05  1.507715E-05  1.880737E-01  1.289014E-01  4.405405E-02  1.679975E-01  2.213326E-03  4.904811E-02  8.858576E-02  8.215524E-02  2.475642E-01  6.767710E-04
 2.505000E+02  6.622739E-04  6.145981E-05  1.527641E-05  1.882373E-01  1.293267E-01  4.399883E-02  1.684367E-01  2.231255E-03  4.915327E-02  8.859248E-02  8.192285E-02  2.466867E-01  6.749204E-04
 2.507500E+02  6.701696E-04  6.252568E-05  1.547789E-05  1.884006E-01  1.297518E-01  4.394324E-02  1.688751E-01  2.249282E-03  4.925815E-02  8.859867E-02  8.169111E-02  2.458108E-01  6.730702E-04
 2.510000E+02  6.781436E-04  6.360793E-05  1.568163E-05  1.885637E-01  1.301765E-01  4.388728E-02  1.693127E-01  2.267406E-03  4.936275E-02  8.860432E-02  8.146002E-02  2.449368E-01  6.712204E-04
 2.512500E+02  6.861966E-04  6.470676E-05  1.588764E-05  1.887264E-01  1.306008E-01  4.383097E-02  1.697495E-01  2.285627E-03  4.946706E-02  8.860945E-02  8.122958E-02  2.440644E-01  6.693710E-04
 2.515000E+02  6.943291E-04  6.582239E-05  1.609593E-05  1.888889E-01  1.310248E-01  4.377430E-02  1.701855E-01  2.303947E-03  4.957109E-02  8.861405E-02  8.099979E-02  2.431939E-01  6.675221E-04
 2.517500E+02  7.025417E-04  6.695505E-05  1.630654E-05  1.890511E-01  1.314485E-01  4.371728E-02  1.706206E-01  2.322364E-03  4.967484E-02  8.861813E-02  8.077065E-02  2.423251E-01  6.656738E-04
 2.520000E+02  7.108352E-04  6.810496E-05  1.651947E-05  1.892130E-01  1.318717E-01  4.365990E-02  1.710550E-01  2.340879E-03  4.977829E-02  8.862169E-02  8.054216E-02  2.414581E-01  6.638261E-04
 2.522500E+02  7.192100E-04  6.927235E-05  1.673476E-05  1.893746E-01  1.322946E-01  4.360219E-02  1.714885E-01  2.359493E-03  4.988147E-02  8.862473E-02  8.031431E-02  2.405929E-01  6.619791E-04
 2.525000E+02  7.276668E-04  7.045743E-05  1.695242E-05  1.895360E-01  1.327171E-01  4.354412E-02  1.719212E-01  2.378205E-03  4.998435E-02  8.862724E-02  8.008710E-02  2.397295E-01  6.601327E-04
 2.527500E+02  7.362062E-04  7.166045E-05  1.717247E-05  1.896970E-01  1.331393E-01  4.348572E-02  1.723530E-01  2.397016E-03  5.008694E-02  8.862924E-02  7.986054E-02  2.388679E-01  6.582871E-04
 2.530000E+02  7.448288E-04  7.288164E-05  1.739493E-05  1.898578E-01  1.335610E-01  4.342699E-02  1.727840E-01  2.415925E-03  5.018924E-02  8.863073E-02  7.963461E-02  2.380082E-01  6.564423E-04
 2.532500E+02  7.535352E-04  7.412122E-05  1.761983E-05  1.900182E-01  1.339823E-01  4.336792E-02  1.732141E-01  2.434933E-03  5.029125E-02  8.863170E-02  7.940933E-02  2.371503E-01  6.545983E-04
 2.535000E+02  7.623261E-04  7.537945E-05  1.784719E-05  1.901784E-01  1.344033E-01  4.330852E-02  1.736434E-01  2.454039E-03  5.039297E-02  8.863216E-02  7.918468E-02  2.362943E-01  6.527552E-04
 2.537500E+02  7.712021E-04  7.665656E-05  1.807702E-05  1.903383E-01  1.348238E-01  4.324880E-02  1.740718E-01  2.473245E-03  5.049440E-02  8.863211E-02  7.896067E-02  2.354401E-01  6.509130E-04
 2.540000E+02  7.801638E-04  7.795279E-05  1.830935E-05  1.904979E-01  1.352438E-01  4.318875E-02  1.744993E-01  2.492551E-03  5.059553E-02  8.863155E-02  7.873729E-02  2.345878E-01  6.490718E-04
 2.542500E+02  7.892118E-04  7.926839E-05  1.854420E-05  1.906572E-01  1.356635E-01  4.312839E-02  1.749260E-01  2.511955E-03  5.069636E-02  8.863048E-02  7.851454E-02  2.337373E-01  6.472317E-04
 2.545000E+02  7.983468E-04  8.060361E-05  1.878159E-05  1.908162E-01  1.360827E-01  4.306771E-02  1.753517E-01  2.531459E-03  5.079690E-02  8.862891E-02  7.829243E-02  2.328888E-01  6.453925E-04
 2.547500E+02  8.075695E-04  8.195869E-05  1.902154E-05  1.909750E-01  1.365015E-01  4.300671E-02  1.757766E-01  2.551063E-03  5.089714E-02  8.862684E-02  7.807095E-02  2.320421E-01  6.435545E-04
 2.550000E+02  8.168803E-04  8.333390E-05  1.926408E-05  1.911334E-01  1.369198E-01  4.294541E-02  1.762006E-01  2.570766E-03  5.099708E-02  8.862427E-02  7.785009E-02  2.311974E-01  6.417176E-04
 2.552500E+02  8.262801E-04  8.472948E-05  1.950923E-05  1.912915E-01  1.373377E-01  4.288380E-02  1.766237E-01  2.590570E-03  5.109672E-02  8.862120E-02  7.762987E-02  2.303545E-01  6.398820E-04
 2.555000E+02  8.357694E-04  8.614571E-05  1.975700E-05  1.914494E-01  1.377551E-01  4.282189E-02  1.770459E-01  2.610473E-03  5.119606E-02  8.861763E-02  7.741026E-02  2.295136E-01  6.380475E-04
 2.557500E+02  8.453489E-04  8.758282E-05  2.000743E-05  1.916069E-01  1.381720E-01  4.275969E-02  1.774672E-01  2.630476E-03  5.129510E-02  8.861356E-02  7.719129E-02  2.286746E-01  6.362144E-04
 2.560000E+02  8.550192E-04  8.904110E-05  2.026053E-05  1.917641E-01  1.385885E-01  4.269718E-02  1.778876E-01  2.650580E-03  5.139384E-02  8.860901E-02  7.697293E-02  2.278376E-01  6.343825E-04
 2.562500E+02  8.647811E-04  9.052081E-05  2.051633E-05  1.919211E-01  1.390045E-01  4.263439E-02  1.783070E-01  2.670784E-03  5.149228E-02  8.860396E-02  7.675520E-02  2.270025E-01  6.325520E-04
 2.565000E+02  8.746350E-04  9.202222E-05  2.077485E-05  1.920777E-01  1.394199E-01  4.257130E-02  1.787255E-01  2.691089E-03  5.159041E-02  8.859842E-02  7.653809E-02  2.261694E-01  6.307230E-04
 2.567500E+02  8.845818E-04  9.354559E-05  2.103611E-05  1.922340E-01  1.398349E-01  4.250793E-02  1.791431E-01  2.711494E-03  5.168823E-02  8.859239E-02  7.632160E-02  2.253382E-01  6.288953E-04
 2.570000E+02  8.946221E-04  9.509121E-05  2.130013E-05  1.923901E-01  1.402494E-01  4.244428E-02  1.795598E-01  2.732000E-03  5.178575E-02  8.858588E-02  7.610572E-02  2.245090E-01  6.270692E-04
 2.572500E+02  9.047564E-04  9.665936E-05  2.156694E-05  1.925458E-01  1.406634E-01  4.238035E-02  1.799755E-01  2.752606E-03  5.188297E-02  8.857888E-02  7.589046E-02  2.236818E-01  6.252446E-04
 2.575000E+02  9.149856E-04  9.825030E-05  2.183657E-05  1.927012E-01  1.410769E-01  4.231614E-02  1.803903E-01  2.773314E-03  5.197988E-02  8.857141E-02  7.567581E-02  2.228565E-01  6.234215E-04
 2.577500E+02  9.253103E-04  9.986434E-05  2.210902E-05  1.928563E-01  1.414898E-01  4.225167E-02  1.808041E-01  2.794123E-03  5.207648E-02  8.856345E-02  7.546178E-02  2.220333E-01  6.216001E-04
 2.580000E+02  9.357311E-04  1.015017E-04  2.238434E-05  1.930112E-01  1.419023E-01  4.218692E-02  1.812170E-01  2.815033E-03  5.217277E-02  8.855501E-02  7.524836E-02  2.212121E-01  6.197803E-04
 2.582500E+02  9.462487E-04  1.031628E-04  2.266254E-05  1.931657E-01  1.423142E-01  4.212191E-02  1.816289E-01  2.836044E-03  5.226875E-02  8.854610E-02  7.503555E-02  2.203929E-01  6.179621E-04
 2.585000E+02  9.568638E-04  1.048478E-04  2.294364E-05  1.933198E-01  1.427255E-01  4.205663E-02  1.820399E-01  2.857156E-03  5.236442E-02  8.853672E-02  7.482334E-02  2.195757E-01  6.161457E-04
 2.587500E+02  9.675771E-04  1.065571E-04  2.322767E-05  1.934737E-01  1.431364E-01  4.199110E-02  1.824499E-01  2.878370E-03  5.245979E-02  8.852686E-02  7.461175E-02  2.187605E-01  6.143311E-04
 2.590000E+02  9.783893E-04  1.082909E-04  2.351465E-05  1.936273E-01  1.435466E-01  4.192532E-02  1.828589E-01  2.899686E-03  5.255484E-02  8.851653E-02  7.440076E-02  2.179474E-01  6.125183E-04
 2.592500E+02  9.893010E-04  1.100496E-04  2.380462E-05  1.937806E-01  1.439563E-01  4.185928E-02  1.832669E-01  2.921104E-03  5.264957E-02  8.850573E-02  7.419038E-02  2.171362E-01  6.107073E-04
 2.595000E+02  1.000313E-03  1.118334E-04  2.409758E-05  1.939335E-01  1.443655E-01  4.179299E-02  1.836740E-01  2.942623E-03  5.274400E-02  8.849447E-02  7.398059E-02  2.163272E-01  6.088982E-04
 2.597500E+02  1.011426E-03  1.136427E-04  2.439357E-05  1.940861E-01  1.447741E-01  4.172646E-02  1.840801E-01  2.964244E-03  5.283811E-02  8.848274E-02  7.377141E-02  2.155202E-01  6.070910E-04
 2.600000E+02  1.022640E-03  1.154777E-04  2.469261E-05  1.942384E-01  1.451821E-01  4.165968E-02  1.844852E-01  2.985967E-03  5.293191E-02  8.847055E-02  7.356283E-02  2.147152E-01  6.052857E-04
 2.602500E+02  1.033957E-03  1.173388E-04  2.499472E-05  1.943904E-01  1.455895E-01  4.159267E-02  1.848893E-01  3.007792E-03  5.302539E-02  8.845790E-02  7.335485E-02  2.139124E-01  6.034825E-04
 2.605000E+02  1.045377E-03  1.192264E-04  2.529993E-05  1.945421E-01  1.459964E-01  4.152542E-02  1.852924E-01  3.029719E-03  5.311856E-02  8.844479E-02  7.314747E-02  2.131116E-01  6.016812E-04
 2.607500E+02  1.056901E-03  1.211406E-04  2.560827E-05  1.946935E-01  1.464026E-01  4.145794E-02  1.856945E-01  3.051749E-03  5.321142E-02  8.843123E-02  7.294068E-02  2.123128E-01  5.998821E-04
 2.610000E+02  1.068529E-03  1.230819E-04  2.591976E-05  1.948445E-01  1.468083E-01  4.139023E-02  1.860956E-01  3.073880E-03  5.330395E-02  8.841721E-02  7.273449E-02  2.115162E-01  5.980850E-04
 2.612500E+02  1.080262E-03  1.250505E-04  2.623442E-05  1.949952E-01  1.472134E-01  4.132229E-02  1.864957E-01  3.096115E-03  5.339617E-02  8.840273E-02  7.252889E-02  2.107216E-01  5.962900E-04
 2.615000E+02  1.092101E-03  1.270468E-04  2.655228E-05  1.951456E-01  1.476179E-01  4.125413E-02  1.868948E-01  3.118451E-03  5.348807E-02  8.838781E-02  7.232388E-02  2.099292E-01  5.944972E-04
 2.617500E+02  1.104046E-03  1.290712E-04  2.687336E-05  1.952957E-01  1.480217E-01  4.118575E-02  1.872929E-01  3.140891E-03  5.357966E-02  8.837244E-02  7.211947E-02  2.091388E-01  5.927066E-04
 2.620000E+02  1.116099E-03  1.311239E-04  2.719770E-05  1.954454E-01  1.484250E-01  4.111716E-02  1.876899E-01  3.163433E-03  5.367092E-02  8.835662E-02  7.191564E-02  2.083506E-01  5.909183E-04
 2.622500E+02  1.128260E-03  1.332053E-04  2.752531E-05  1.955948E-01  1.488276E-01  4.104835E-02  1.880859E-01  3.186078E-03  5.376187E-02  8.834036E-02  7.171240E-02  2.075644E-01  5.891322E-04
 2.625000E+02  1.140530E-03  1.353157E-04  2.785623E-05  1.957439E-01  1.492296E-01  4.097934E-02  1.884810E-01  3.208825E-03  5.385250E-02  8.832365E-02  7.150975E-02  2.067804E-01  5.873484E-04
 2.627500E+02  1.152909E-03  1.374555E-04  2.819047E-05  1.958927E-01  1.496310E-01  4.091012E-02  1.888749E-01  3.231676E-03  5.394280E-02  8.830651E-02  7.130768E-02  2.059985E-01  5.855669E-04
 2.630000E+02  1.165398E-03  1.396251E-04  2.852807E-05  1.960411E-01  1.500317E-01  4.084069E-02  1.892679E-01  3.254630E-03  5.403279E-02  8.828892E-02  7.110620E-02  2.052188E-01  5.837878E-04
 2.632500E+02  1.177998E-03  1.418247E-04  2.886905E-05  1.961892E-01  1.504318E-01  4.077107E-02  1.896598E-01  3.277686E-03  5.412246E-02  8.827090E-02  7.090529E-02  2.044411E-01  5.820111E-04
 2.635000E+02  1.190710E-03  1.440547E-04  2.921343E-05  1.963370E-01  1.508312E-01  4.070125E-02  1.900506E-01  3.300846E-03  5.421180E-02  8.825245E-02  7.070497E-02  2.036656E-01  5.802368E-04
 2.637500E+02  1.203534E-03  1.463156E-04  2.956125E-05  1.964844E-01  1.512300E-01  4.063123E-02  1.904405E-01  3.324109E-03  5.430082E-02  8.823356E-02  7.050523E-02  2.028923E-01  5.784650E-04
 2.640000E+02  1.216472E-03  1.486076E-04  2.991253E-05  1.966315E-01  1.516282E-01  4.056103E-02  1.908292E-01  3.347475E-03  5.438953E-02  8.821424E-02  7.030607E-02  2.021211E-01  5.766957E-04
 2.642500E+02  1.229523E-03  1.509311E-04  3.026729E-05  1.967782E-01  1.520257E-01  4.049063E-02  1.912170E-01  3.370945E-03  5.447790E-02  8.819450E-02  7.010748E-02  2.013520E-01  5.749289E-04
 2.645000E+02  1.242689E-03  1.532865E-04  3.062557E-05  1.969247E-01  1.524225E-01  4.042006E-02  1.916036E-01  3.394518E-03  5.456596E-02  8.817432E-02  6.990947E-02  2.005851E-01  5.731647E-04
 2.647500E+02  1.255970E-03  1.556741E-04  3.098738E-05  1.970707E-01  1.528187E-01  4.034930E-02  1.919893E-01  3.418194E-03  5.465369E-02  8.815373E-02  6.971203E-02  1.998204E-01  5.714030E-04
 2.650000E+02  1.269367E-03  1.580944E-04  3.135277E-05  1.972165E-01  1.532141E-01  4.027837E-02  1.923738E-01  3.441974E-03  5.474110E-02  8.813271E-02  6.951517E-02  1.990578E-01  5.696440E-04
 2.652500E+02  1.282882E-03  1.605477E-04  3.172174E-05  1.973619E-01  1.536089E-01  4.020726E-02  1.927573E-01  3.465857E-03  5.482818E-02  8.811127E-02  6.931887E-02  1.982974E-01  5.678876E-04
 2.655000E+02  1.296513E-03  1.630344E-04  3.209434E-05  1.975069E-01  1.540031E-01  4.013597E-02  1.931398E-01  3.489845E-03  5.491494E-02  8.808941E-02  6.912315E-02  1.975392E-01  5.661338E-04
 2.657500E+02  1.310264E-03  1.655548E-04  3.247059E-05  1.976516E-01  1.543965E-01  4.006452E-02  1.935211E-01  3.513935E-03  5.500138E-02  8.806713E-02  6.892800E-02  1.967831E-01  5.643828E-04
 2.660000E+02  1.324133E-03  1.681094E-04  3.285052E-05  1.977960E-01  1.547892E-01  3.999291E-02  1.939014E-01  3.538130E-03  5.508749E-02  8.804445E-02  6.873341E-02  1.960292E-01  5.626345E-04
 2.662500E+02  1.338122E-03  1.706986E-04  3.323415E-05  1.979400E-01  1.551813E-01  3.992113E-02  1.942807E-01  3.562429E-03  5.517328E-02  8.802135E-02  6.853939E-02  1.952775E-01  5.608890E-04
 2.665000E+02  1.352232E-03  1.733227E-04  3.362151E-05  1.980837E-01  1.555726E-01  3.984920E-02  1.946588E-01  3.586831E-03  5.525874E-02  8.799783E-02  6.834593E-02  1.945280E-01  5.591462E-04
 2.667500E+02  1.366463E-03  1.759822E-04  3.401264E-05  1.982270E-01  1.559633E-01  3.977710E-02  1.950359E-01  3.611337E-03  5.534387E-02  8.797392E-02  6.815303E-02  1.937807E-01  5.574063E-04
 2.670000E+02  1.380817E-03  1.786774E-04  3.440755E-05  1.983700E-01  1.563532E-01  3.970486E-02  1.954119E-01  3.635947E-03  5.542868E-02  8.794959E-02  6.796070E-02  1.930356E-01  5.556692E-04
 2.672500E+02  1.395293E-03  1.814088E-04  3.480628E-05  1.985126E-01  1.567425E-01  3.963246E-02  1.957868E-01  3.660661E-03  5.551316E-02  8.792486E-02  6.776893E-02  1.922926E-01  5.539350E-04
 2.675000E+02  1.409894E-03  1.841768E-04  3.520886E-05  1.986548E-01  1.571310E-01  3.955992E-02  1.961606E-01  3.685479E-03  5.559732E-02  8.789973E-02  6.757771E-02  1.915519E-01  5.522036E-04
 2.677500E+02  1.424618E-03  1.869817E-04  3.561531E-05  1.987967E-01  1.575188E-01  3.948723E-02  1.965334E-01  3.710402E-03  5.568115E-02  8.787420E-02  6.738706E-02  1.908134E-01  5.504752E-04
 2.680000E+02  1.439468E-03  1.898240E-04  3.602566E-05  1.989383E-01  1.579059E-01  3.941440E-02  1.969050E-01  3.735428E-03  5.576465E-02  8.784827E-02  6.719696E-02  1.900771E-01  5.487497E-04
 2.682500E+02  1.454445E-03  1.927042E-04  3.643994E-05  1.990795E-01  1.582922E-01  3.934143E-02  1.972756E-01  3.760559E-03  5.584782E-02  8.782195E-02  6.700741E-02  1.893429E-01  5.470272E-04
 2.685000E+02  1.469548E-03  1.956226E-04  3.685819E-05  1.992203E-01  1.586778E-01  3.926833E-02  1.976451E-01  3.785793E-03  5.593067E-02  8.779523E-02  6.681842E-02  1.886110E-01  5.453077E-04
 2.687500E+02  1.484779E-03  1.985797E-04  3.728042E-05  1.993608E-01  1.590627E-01  3.919510E-02  1.980134E-01  3.811132E-03  5.601319E-02  8.776812E-02  6.662998E-02  1.878814E-01  5.435912E-04
 2.690000E+02  1.500138E-03  2.015759E-04  3.770667E-05  1.995009E-01  1.594468E-01  3.912173E-02  1.983807E-01  3.836576E-03  5.609539E-02  8.774062E-02  6.644210E-02  1.871539E-01  5.418778E-04
 2.692500E+02  1.515627E-03  2.046116E-04  3.813698E-05  1.996406E-01  1.598302E-01  3.904824E-02  1.987469E-01  3.862123E-03  5.617725E-02  8.771273E-02  6.625476E-02  1.864286E-01  5.401674E-04
 2.695000E+02  1.531245E-03  2.076873E-04  3.857135E-05  1.997800E-01  1.602129E-01  3.897463E-02  1.991119E-01  3.887775E-03  5.625879E-02  8.768446E-02  6.606797E-02  1.857056E-01  5.384602E-04
 2.697500E+02  1.546995E-03  2.108035E-04  3.900984E-05  1.999190E-01  1.605948E-01  3.890089E-02  1.994759E-01  3.913532E-03  5.634000E-02  8.765580E-02  6.588172E-02  1.849848E-01  5.367560E-04
 2.700000E+02  1.562876E-03  2.139605E-04  3.945246E-05  2.000577E-01  1.609760E-01  3.882704E-02  1.998388E-01  3.939393E-03  5.642088E-02  8.762676E-02  6.569602E-02  1.842662E-01  5.350550E-04
 2.702500E+02  1.578890E-03  2.171589E-04  3.989925E-05  2.001959E-01  1.613564E-01  3.875307E-02  2.002005E-01  3.965358E-03  5.650144E-02  8.759735E-02  6.551087E-02  1.835498E-01  5.333571E-04
 2.705000E+02  1.595037E-03  2.203991E-04  4.035024E-05  2.003338E-01  1.617360E-01  3.867899E-02  2.005612E-01  3.991427E-03  5.658166E-02  8.756755E-02  6.532626E-02  1.828356E-01  5.316625E-04
 2.707500E+02  1.611318E-03  2.236815E-04  4.080545E-05  2.004714E-01  1.621149E-01  3.860480E-02  2.009207E-01  4.017602E-03  5.666156E-02  8.753738E-02  6.514219E-02  1.821237E-01  5.299710E-04
 2.710000E+02  1.627734E-03  2.270066E-04  4.126493E-05  2.006085E-01  1.624930E-01  3.853050E-02  2.012792E-01  4.043880E-03  5.674113E-02  8.750684E-02  6.495866E-02  1.814140E-01  5.282828E-04
 2.712500E+02  1.644286E-03  2.303749E-04  4.172868E-05  2.007453E-01  1.628703E-01  3.845610E-02  2.016365E-01  4.070264E-03  5.682037E-02  8.747592E-02  6.477566E-02  1.807066E-01  5.265978E-04
 2.715000E+02  1.660974E-03  2.337869E-04  4.219676E-05  2.008817E-01  1.632469E-01  3.838160E-02  2.019927E-01  4.096751E-03  5.689928E-02  8.744463E-02  6.459321E-02  1.800014E-01  5.249161E-04
 2.717500E+02  1.677800E-03  2.372430E-04  4.266919E-05  2.010178E-01  1.636227E-01  3.830700E-02  2.023477E-01  4.123344E-03  5.697787E-02  8.741298E-02  6.441129E-02  1.792984E-01  5.232377E-04
 2.720000E+02  1.694764E-03  2.407437E-04  4.314599E-05  2.011534E-01  1.639977E-01  3.823231E-02  2.027017E-01  4.150041E-03  5.705613E-02  8.738096E-02  6.422990E-02  1.785976E-01  5.215626E-04
 2.722500E+02  1.711866E-03  2.442895E-04  4.362721E-05  2.012887E-01  1.643719E-01  3.815752E-02  2.030545E-01  4.176842E-03  5.713405E-02  8.734858E-02  6.404905E-02  1.778991E-01  5.198908E-04
 2.725000E+02  1.729109E-03  2.478808E-04  4.411287E-05  2.014236E-01  1.647454E-01  3.808264E-02  2.034063E-01  4.203749E-03  5.721165E-02  8.731584E-02  6.386873E-02  1.772028E-01  5.182224E-04
 2.727500E+02  1.746493E-03  2.515183E-04  4.460300E-05  2.015581E-01  1.651181E-01  3.800768E-02  2.037569E-01  4.230760E-03  5.728893E-02  8.728274E-02  6.368895E-02  1.765088E-01  5.165573E-04
 2.730000E+02  1.764018E-03  2.552023E-04  4.509763E-05  2.016922E-01  1.654899E-01  3.793263E-02  2.041063E-01  4.257875E-03  5.736587E-02  8.724928E-02  6.350969E-02  1.758169E-01  5.148957E-04
 2.732500E+02  1.781685E-03  2.589334E-04  4.559680E-05  2.018259E-01  1.658610E-01  3.785750E-02  2.044547E-01  4.285095E-03  5.744248E-02  8.721547E-02  6.333095E-02  1.751274E-01  5.132375E-04
 2.735000E+02  1.799496E-03  2.627121E-04  4.610054E-05  2.019593E-01  1.662313E-01  3.778229E-02  2.048019E-01  4.312420E-03  5.751877E-02  8.718130E-02  6.315275E-02  1.744401E-01  5.115827E-04
 2.737500E+02  1.817450E-03  2.665388E-04  4.660888E-05  2.020922E-01  1.666008E-01  3.770700E-02  2.051480E-01  4.339850E-03  5.759473E-02  8.714678E-02  6.297507E-02  1.737550E-01  5.099313E-04
 2.740000E+02  1.835550E-03  2.704142E-04  4.712185E-05  2.022248E-01  1.669695E-01  3.763164E-02  2.054930E-01  4.367384E-03  5.767036E-02  8.711191E-02  6.279791E-02  1.730721E-01  5.082834E-04
 2.742500E+02  1.853795E-03  2.743387E-04  4.763948E-05  2.023570E-01  1.673374E-01  3.755621E-02  2.058368E-01  4.395023E-03  5.774566E-02  8.707670E-02  6.262128E-02  1.723915E-01  5.066390E-04
 2.745000E+02  1.872187E-03  2.783128E-04  4.816180E-05  2.024888E-01  1.677045E-01  3.748070E-02  2.061795E-01  4.422767E-03  5.782064E-02  8.704114E-02  6.244516E-02  1.717131E-01  5.049981E-04
 2.747500E+02  1.890727E-03  2.823371E-04  4.868885E-05  2.026202E-01  1.680708E-01  3.740514E-02  2.065211E-01  4.450615E-03  5.789529E-02  8.700523E-02  6.226957E-02  1.710370E-01  5.033607E-04
 2.750000E+02  1.909414E-03  2.864121E-04  4.922067E-05  2.027511E-01  1.684362E-01  3.732950E-02  2.068616E-01  4.478568E-03  5.796961E-02  8.696899E-02  6.209449E-02  1.703631E-01  5.017268E-04
 2.752500E+02  1.928251E-03  2.905384E-04  4.975727E-05  2.028817E-01  1.688009E-01  3.725381E-02  2.072009E-01  4.506626E-03  5.804360E-02  8.693240E-02  6.191993E-02  1.696915E-01  5.000965E-04
 2.755000E+02  1.947238E-03  2.947164E-04  5.029870E-05  2.030119E-01  1.691647E-01  3.717806E-02  2.075391E-01  4.534788E-03  5.811726E-02  8.689548E-02  6.174589E-02  1.690220E-01  4.984698E-04
 2.757500E+02  1.966376E-03  2.989468E-04  5.084498E-05  2.031417E-01  1.695277E-01  3.710225E-02  2.078762E-01  4.563056E-03  5.819060E-02  8.685823E-02  6.157236E-02  1.683549E-01  4.968467E-04
 2.760000E+02  1.985665E-03  3.032300E-04  5.139616E-05  2.032711E-01  1.698899E-01  3.702639E-02  2.082121E-01  4.591427E-03  5.826361E-02  8.682064E-02  6.139935E-02  1.676899E-01  4.952271E-04
 2.762500E+02  2.005107E-03  3.075666E-04  5.195226E-05  2.034001E-01  1.702513E-01  3.695048E-02  2.085469E-01  4.619904E-03  5.833630E-02  8.678272E-02  6.122684E-02  1.670273E-01  4.936112E-04
 2.765000E+02  2.024703E-03  3.119573E-04  5.251331E-05  2.035287E-01  1.706119E-01  3.687452E-02  2.088805E-01  4.648485E-03  5.840865E-02  8.674446E-02  6.105485E-02  1.663668E-01  4.919989E-04
 2.767500E+02  2.044453E-03  3.164024E-04  5.307936E-05  2.036568E-01  1.709716E-01  3.679851E-02  2.092130E-01  4.677171E-03  5.848068E-02  8.670589E-02  6.088337E-02  1.657086E-01  4.903902E-04
 2.770000E+02  2.064358E-03  3.209027E-04  5.365042E-05  2.037846E-01  1.713305E-01  3.672246E-02  2.095444E-01  4.705962E-03  5.855239E-02  8.666698E-02  6.071239E-02  1.650526E-01  4.887852E-04
 2.772500E+02  2.084420E-03  3.254587E-04  5.422655E-05  2.039119E-01  1.716886E-01  3.664637E-02  2.098747E-01  4.734857E-03  5.862377E-02  8.662776E-02  6.054192E-02  1.643988E-01  4.871839E-04
 2.775000E+02  2.104638E-03  3.300709E-04  5.480776E-05  2.040389E-01  1.720459E-01  3.657024E-02  2.102038E-01  4.763857E-03  5.869482E-02  8.658821E-02  6.037195E-02  1.637473E-01  4.855863E-04
 2.777500E+02  2.125014E-03  3.347400E-04  5.539410E-05  2.041654E-01  1.724023E-01  3.649407E-02  2.105317E-01  4.792961E-03  5.876554E-02  8.654834E-02  6.020249E-02  1.630981E-01  4.839923E-04
 2.780000E+02  2.145549E-03  3.394665E-04  5.598559E-05  2.042915E-01  1.727578E-01  3.641787E-02  2.108586E-01  4.822170E-03  5.883594E-02  8.650815E-02  6.003353E-02  1.624510E-01  4.824021E-04
 2.782500E+02  2.166244E-03  3.442510E-04  5.658228E-05  2.044172E-01  1.731126E-01  3.634164E-02  2.111843E-01  4.851484E-03  5.890602E-02  8.646765E-02  5.986507E-02  1.618062E-01  4.808156E-04
 2.785000E+02  2.187099E-03  3.490942E-04  5.718420E-05  2.045425E-01  1.734665E-01  3.626537E-02  2.115088E-01  4.880902E-03  5.897577E-02  8.642684E-02  5.969711E-02  1.611636E-01  4.792328E-04
 2.787500E+02  2.208116E-03  3.539965E-04  5.779137E-05  2.046673E-01  1.738196E-01  3.618908E-02  2.118323E-01  4.910425E-03  5.904520E-02  8.638571E-02  5.952965E-02  1.605233E-01  4.776538E-04
 2.790000E+02  2.229295E-03  3.589587E-04  5.840384E-05  2.047917E-01  1.741718E-01  3.611277E-02  2.121545E-01  4.940052E-03  5.911430E-02  8.634427E-02  5.936268E-02  1.598851E-01  4.760786E-04
 2.792500E+02  2.250637E-03  3.639813E-04  5.902164E-05  2.049157E-01  1.745232E-01  3.603643E-02  2.124757E-01  4.969784E-03  5.918308E-02  8.630253E-02  5.919621E-02  1.592492E-01  4.745071E-04
 2.795000E+02  2.272144E-03  3.690650E-04  5.964480E-05  2.050393E-01  1.748737E-01  3.596007E-02  2.127957E-01  4.999620E-03  5.925153E-02  8.626048E-02  5.903024E-02  1.586156E-01  4.729395E-04
 2.797500E+02  2.293815E-03  3.742103E-04  6.027336E-05  2.051625E-01  1.752234E-01  3.588370E-02  2.131146E-01  5.029561E-03  5.931966E-02  8.621812E-02  5.886475E-02  1.579841E-01  4.713756E-04
 2.800000E+02  2.315653E-03  3.794178E-04  6.090735E-05  2.052852E-01  1.755722E-01  3.580730E-02  2.134323E-01  5.059606E-03  5.938746E-02  8.617546E-02  5.869976E-02  1.573549E-01  4.698155E-04
 2.802500E+02  2.337657E-03  3.846884E-04  6.154681E-05  2.054075E-01  1.759202E-01  3.573090E-02  2.137489E-01  5.089756E-03  5.945495E-02  8.613251E-02  5.853526E-02  1.567278E-01  4.682593E-04
 2.805000E+02  2.359829E-03  3.900224E-04  6.219178E-05  2.055294E-01  1.762673E-01  3.565448E-02  2.140644E-01  5.120010E-03  5.952211E-02  8.608925E-02  5.837125E-02  1.561030E-01  4.667068E-04
 2.807500E+02  2.382170E-03  3.954206E-04  6.284228E-05  2.056508E-01  1.766136E-01  3.557805E-02  2.143787E-01  5.150368E-03  5.958894E-02  8.604570E-02  5.820772E-02  1.554805E-01  4.651583E-04
 2.810000E+02  2.404681E-03  4.008837E-04  6.349836E-05  2.057718E-01  1.769591E-01  3.550162E-02  2.146919E-01  5.180831E-03  5.965546E-02  8.600185E-02  5.804468E-02  1.548601E-01  4.636135E-04
 2.812500E+02  2.427362E-03  4.064123E-04  6.416005E-05  2.058924E-01  1.773037E-01  3.542518E-02  2.150039E-01  5.211398E-03  5.972165E-02  8.595771E-02  5.788213E-02  1.542419E-01  4.620727E-04
 2.815000E+02  2.450214E-03  4.120069E-04  6.482739E-05  2.060125E-01  1.776474E-01  3.534874E-02  2.153149E-01  5.242069E-03  5.978753E-02  8.591328E-02  5.772006E-02  1.536260E-01  4.605357E-04
 2.817500E+02  2.473239E-03  4.176684E-04  6.550041E-05  2.061322E-01  1.779903E-01  3.527230E-02  2.156246E-01  5.272844E-03  5.985308E-02  8.586856E-02  5.755847E-02  1.530122E-01  4.590026E-04
 2.820000E+02  2.496437E-03  4.233973E-04  6.617914E-05  2.062515E-01  1.783323E-01  3.519585E-02  2.159333E-01  5.303724E-03  5.991831E-02  8.582355E-02  5.739736E-02  1.524007E-01  4.574734E-04
 2.822500E+02  2.519810E-03  4.291944E-04  6.686363E-05  2.063703E-01  1.786734E-01  3.511942E-02  2.162408E-01  5.334708E-03  5.998322E-02  8.577826E-02  5.723673E-02  1.517914E-01  4.559480E-04
 2.825000E+02  2.543357E-03  4.350602E-04  6.755391E-05  2.064887E-01  1.790137E-01  3.504298E-02  2.165472E-01  5.365796E-03  6.004781E-02  8.573268E-02  5.707658E-02  1.511842E-01  4.544266E-04
 2.827500E+02  2.567081E-03  4.409956E-04  6.825001E-05  2.066066E-01  1.793532E-01  3.496656E-02  2.168524E-01  5.396987E-03  6.011208E-02  8.568682E-02  5.691691E-02  1.505793E-01  4.529091E-04
 2.830000E+02  2.590981E-03  4.470011E-04  6.895197E-05  2.067241E-01  1.796917E-01  3.489014E-02  2.171565E-01  5.428283E-03  6.017603E-02  8.564068E-02  5.675771E-02  1.499765E-01  4.513955E-04
 2.832500E+02  2.615060E-03  4.530774E-04  6.965984E-05  2.068411E-01  1.800295E-01  3.481374E-02  2.174595E-01  5.459683E-03  6.023966E-02  8.559427E-02  5.659899E-02  1.493760E-01  4.498859E-04
 2.835000E+02  2.639317E-03  4.592253E-04  7.037364E-05  2.069577E-01  1.803663E-01  3.473735E-02  2.177613E-01  5.491187E-03  6.030297E-02  8.554757E-02  5.644073E-02  1.487776E-01  4.483802E-04
 2.837500E+02  2.663755E-03  4.654454E-04  7.109341E-05  2.070738E-01  1.807023E-01  3.466097E-02  2.180620E-01  5.522795E-03  6.036597E-02  8.550061E-02  5.628295E-02  1.481814E-01  4.468784E-04
 2.840000E+02  2.688373E-03  4.717385E-04  7.181919E-05  2.071895E-01  1.810374E-01  3.458461E-02  2.183616E-01  5.554507E-03  6.042865E-02  8.545337E-02  5.612564E-02  1.475874E-01  4.453806E-04
 2.842500E+02  2.713173E-03  4.781052E-04  7.255102E-05  2.073047E-01  1.813717E-01  3.450828E-02  2.186601E-01  5.586322E-03  6.049101E-02  8.540586E-02  5.596880E-02  1.469956E-01  4.438867E-04
 2.845000E+02  2.738156E-03  4.845463E-04  7.328893E-05  2.074194E-01  1.817051E-01  3.443196E-02  2.189574E-01  5.618241E-03  6.055305E-02  8.535808E-02  5.581243E-02  1.464059E-01  4.423969E-04
 2.847500E+02  2.763322E-03  4.910625E-04  7.403296E-05  2.075337E-01  1.820376E-01  3.435566E-02  2.192536E-01  5.650264E-03  6.061478E-02  8.531003E-02  5.565652E-02  1.458185E-01  4.409109E-04
 2.850000E+02  2.788673E-03  4.976546E-04  7.478314E-05  2.076476E-01  1.823693E-01  3.427939E-02  2.195486E-01  5.682391E-03  6.067619E-02  8.526172E-02  5.550108E-02  1.452332E-01  4.394290E-04
 2.852500E+02  2.814209E-03  5.043231E-04  7.553953E-05  2.077610E-01  1.827001E-01  3.420315E-02  2.198426E-01  5.714621E-03  6.073729E-02  8.521315E-02  5.534610E-02  1.446501E-01  4.379510E-04
 2.855000E+02  2.839932E-03  5.110690E-04  7.630214E-05  2.078739E-01  1.830300E-01  3.412694E-02  2.201354E-01  5.746954E-03  6.079807E-02  8.516431E-02  5.519158E-02  1.440691E-01  4.364771E-04
 2.857500E+02  2.865843E-03  5.178929E-04  7.707103E-05  2.079863E-01  1.833591E-01  3.405076E-02  2.204271E-01  5.779391E-03  6.085853E-02  8.511521E-02  5.503752E-02  1.434903E-01  4.350071E-04
 2.860000E+02  2.891942E-03  5.247956E-04  7.784622E-05  2.080983E-01  1.836873E-01  3.397460E-02  2.207177E-01  5.811932E-03  6.091868E-02  8.506586E-02  5.488392E-02  1.429136E-01  4.335411E-04
 2.862500E+02  2.918230E-03  5.317779E-04  7.862777E-05  2.082099E-01  1.840146E-01  3.389849E-02  2.210071E-01  5.844576E-03  6.097852E-02  8.501624E-02  5.473078E-02  1.423391E-01  4.320791E-04
 2.865000E+02  2.944709E-03  5.388404E-04  7.941569E-05  2.083209E-01  1.843410E-01  3.382241E-02  2.212954E-01  5.877323E-03  6.103804E-02  8.496638E-02  5.457810E-02  1.417668E-01  4.306212E-04
 2.867500E+02  2.971379E-03  5.459840E-04  8.021004E-05  2.084315E-01  1.846666E-01  3.374636E-02  2.215826E-01  5.910174E-03  6.109726E-02  8.491626E-02  5.442587E-02  1.411966E-01  4.291672E-04
 2.870000E+02  2.998241E-03  5.532094E-04  8.101085E-05  2.085416E-01  1.849913E-01  3.367036E-02  2.218687E-01  5.943128E-03  6.115615E-02  8.486589E-02  5.427410E-02  1.406286E-01  4.277173E-04
 2.872500E+02  3.025297E-03  5.605174E-04  8.181816E-05  2.086512E-01  1.853152E-01  3.359440E-02  2.221537E-01  5.976185E-03  6.121474E-02  8.481527E-02  5.412278E-02  1.400626E-01  4.262714E-04
 2.875000E+02  3.052547E-03  5.679088E-04  8.263200E-05  2.087604E-01  1.856382E-01  3.351848E-02  2.224375E-01  6.009345E-03  6.127302E-02  8.476440E-02  5.397191E-02  1.394989E-01  4.248295E-04
 2.877500E+02  3.079992E-03  5.753844E-04  8.345242E-05  2.088691E-01  1.859603E-01  3.344260E-02  2.227202E-01  6.042608E-03  6.133098E-02  8.471328E-02  5.382149E-02  1.389372E-01  4.233916E-04
 2.880000E+02  3.107634E-03  5.829449E-04  8.427946E-05  2.089773E-01  1.862815E-01  3.336678E-02  2.230018E-01  6.075974E-03  6.138863E-02  8.466192E-02  5.367152E-02  1.383777E-01  4.219578E-04
 2.882500E+02  3.135473E-03  5.905912E-04  8.511315E-05  2.090850E-01  1.866019E-01  3.329100E-02  2.232823E-01  6.109442E-03  6.144598E-02  8.461032E-02  5.352199E-02  1.378203E-01  4.205280E-04
 2.885000E+02  3.163510E-03  5.983241E-04  8.595354E-05  2.091922E-01  1.869214E-01  3.321526E-02  2.235617E-01  6.143014E-03  6.150301E-02  8.455848E-02  5.337292E-02  1.372651E-01  4.191023E-04
 2.887500E+02  3.191746E-03  6.061444E-04  8.680065E-05  2.092990E-01  1.872400E-01  3.313958E-02  2.238400E-01  6.176689E-03  6.155974E-02  8.450639E-02  5.322428E-02  1.367119E-01  4.176806E-04
 2.890000E+02  3.220182E-03  6.140528E-04  8.765454E-05  2.094053E-01  1.875578E-01  3.306396E-02  2.241172E-01  6.210466E-03  6.161616E-02  8.445407E-02  5.307609E-02  1.361609E-01  4.162629E-04
 2.892500E+02  3.248820E-03  6.220503E-04  8.851524E-05  2.095110E-01  1.878747E-01  3.298839E-02  2.243932E-01  6.244345E-03  6.167226E-02  8.440152E-02  5.292835E-02  1.356120E-01  4.148493E-04
 2.895000E+02  3.277660E-03  6.301376E-04  8.938279E-05  2.096163E-01  1.881907E-01  3.291287E-02  2.246682E-01  6.278328E-03  6.172807E-02  8.434872E-02  5.278104E-02  1.350651E-01  4.134397E-04
 2.897500E+02  3.306703E-03  6.383155E-04  9.025722E-05  2.097211E-01  1.885059E-01  3.283741E-02  2.249420E-01  6.312412E-03  6.178356E-02  8.429570E-02  5.263418E-02  1.345204E-01  4.120342E-04
 2.900000E+02  3.335950E-03  6.465850E-04  9.113859E-05  2.098254E-01  1.888202E-01  3.276201E-02  2.252147E-01  6.346600E-03  6.183875E-02  8.424244E-02  5.248775E-02  1.339778E-01  4.106327E-04
 2.902500E+02  3.365403E-03  6.549468E-04  9.202693E-05  2.099293E-01  1.891336E-01  3.268667E-02  2.254864E-01  6.380889E-03  6.189363E-02  8.418896E-02  5.234176E-02  1.334373E-01  4.092353E-04
 2.905000E+02  3.395062E-03  6.634019E-04  9.292227E-05  2.100326E-01  1.894461E-01  3.261139E-02  2.257569E-01  6.415281E-03  6.194821E-02  8.413525E-02  5.219620E-02  1.328988E-01  4.078419E-04
 2.907500E+02  3.424927E-03  6.719510E-04  9.382466E-05  2.101354E-01  1.897578E-01  3.253618E-02  2.260264E-01  6.449774E-03  6.200248E-02  8.408131E-02  5.205108E-02  1.323625E-01  4.064526E-04
 2.910000E+02  3.455002E-03  6.805950E-04  9.473415E-05  2.102377E-01  1.900686E-01  3.246103E-02  2.262947E-01  6.484370E-03  6.205645E-02  8.402714E-02  5.190639E-02  1.318282E-01  4.050674E-04
 2.912500E+02  3.485285E-03  6.893348E-04  9.565076E-05  2.103395E-01  1.903786E-01  3.238595E-02  2.265619E-01  6.519068E-03  6.211011E-02  8.397276E-02  5.176213E-02  1.312960E-01  4.036862E-04
 2.915000E+02  3.515779E-03  6.981713E-04  9.657454E-05  2.104408E-01  1.906877E-01  3.231094E-02  2.268281E-01  6.553868E-03  6.216348E-02  8.391815E-02  5.161831E-02  1.307658E-01  4.023090E-04
 2.917500E+02  3.546484E-03  7.071053E-04  9.750553E-05  2.105417E-01  1.909959E-01  3.223599E-02  2.270931E-01  6.588770E-03  6.221654E-02  8.386332E-02  5.147491E-02  1.302378E-01  4.009360E-04
 2.920000E+02  3.577401E-03  7.161378E-04  9.844377E-05  2.106420E-01  1.913032E-01  3.216112E-02  2.273571E-01  6.623773E-03  6.226929E-02  8.380827E-02  5.133194E-02  1.297118E-01  3.995670E-04
 2.922500E+02  3.608532E-03  7.252696E-04  9.938930E-05  2.107418E-01  1.916097E-01  3.208632E-02  2.276200E-01  6.658879E-03  6.232175E-02  8.375301E-02  5.118940E-02  1.291878E-01  3.982020E-04
 2.925000E+02  3.639877E-03  7.345016E-04  1.003422E-04  2.108411E-01  1.919153E-01  3.201159E-02  2.278817E-01  6.694085E-03  6.237390E-02  8.369753E-02  5.104728E-02  1.286659E-01  3.968411E-04
 2.927500E+02  3.671437E-03  7.438347E-04  1.013024E-04  2.109398E-01  1.922201E-01  3.193694E-02  2.281424E-01  6.729393E-03  6.242576E-02  8.364184E-02  5.090558E-02  1.281461E-01  3.954843E-04
 2.930000E+02  3.703214E-03  7.532699E-04  1.022700E-04  2.110381E-01  1.925240E-01  3.186236E-02  2.284020E-01  6.764803E-03  6.247731E-02  8.358593E-02  5.076431E-02  1.276283E-01  3.941315E-04
 2.932500E+02  3.735208E-03  7.628080E-04  1.032451E-04  2.111358E-01  1.928270E-01  3.178787E-02  2.286606E-01  6.800314E-03  6.252856E-02  8.352982E-02  5.062346E-02  1.271125E-01  3.927828E-04
 2.935000E+02  3.767421E-03  7.724500E-04  1.042277E-04  2.112331E-01  1.931292E-01  3.171345E-02  2.289180E-01  6.835926E-03  6.257952E-02  8.347349E-02  5.048303E-02  1.265988E-01  3.914381E-04
 2.937500E+02  3.799853E-03  7.821968E-04  1.052179E-04  2.113298E-01  1.934305E-01  3.163911E-02  2.291744E-01  6.871640E-03  6.263018E-02  8.341696E-02  5.034301E-02  1.260871E-01  3.900975E-04
 2.940000E+02  3.832506E-03  7.920494E-04  1.062156E-04  2.114260E-01  1.937309E-01  3.156485E-02  2.294297E-01  6.907454E-03  6.268054E-02  8.336022E-02  5.020342E-02  1.255774E-01  3.887609E-04
 2.942500E+02  3.865380E-03  8.020086E-04  1.072209E-04  2.115217E-01  1.940305E-01  3.149068E-02  2.296839E-01  6.943369E-03  6.273060E-02  8.330328E-02  5.006424E-02  1.250697E-01  3.874284E-04
 2.945000E+02  3.898477E-03  8.120755E-04  1.082339E-04  2.116168E-01  1.943293E-01  3.141659E-02  2.299370E-01  6.979386E-03  6.278037E-02  8.324613E-02  4.992547E-02  1.245641E-01  3.861000E-04
 2.947500E+02  3.931797E-03  8.222509E-04  1.092546E-04  2.117114E-01  1.946271E-01  3.134258E-02  2.301891E-01  7.015503E-03  6.282984E-02  8.318879E-02  4.978712E-02  1.240604E-01  3.847756E-04
 2.950000E+02  3.965343E-03  8.325359E-04  1.102830E-04  2.118055E-01  1.949241E-01  3.126866E-02  2.304401E-01  7.051720E-03  6.287902E-02  8.313124E-02  4.964918E-02  1.235588E-01  3.834552E-04
 2.952500E+02  3.999114E-03  8.429314E-04  1.113193E-04  2.118991E-01  1.952203E-01  3.119483E-02  2.306900E-01  7.088039E-03  6.292790E-02  8.307349E-02  4.951165E-02  1.230592E-01  3.821389E-04
 2.955000E+02  4.033112E-03  8.534384E-04  1.123633E-04  2.119922E-01  1.955156E-01  3.112109E-02  2.309389E-01  7.124457E-03  6.297649E-02  8.301555E-02  4.937453E-02  1.225615E-01  3.808267E-04
 2.957500E+02  4.067338E-03  8.640578E-04  1.134152E-04  2.120847E-01  1.958101E-01  3.104744E-02  2.311866E-01  7.160976E-03  6.302479E-02  8.295741E-02  4.923782E-02  1.220659E-01  3.795185E-04
 2.960000E+02  4.101792E-03  8.747907E-04  1.144751E-04  2.121766E-01  1.961036E-01  3.097388E-02  2.314334E-01  7.197596E-03  6.307279E-02  8.289908E-02  4.910152E-02  1.215722E-01  3.782143E-04
 2.962500E+02  4.136477E-03  8.856380E-04  1.155429E-04  2.122681E-01  1.963964E-01  3.090042E-02  2.316790E-01  7.234315E-03  6.312050E-02  8.284055E-02  4.896562E-02  1.210805E-01  3.769142E-04
 2.965000E+02  4.171393E-03  8.966008E-04  1.166187E-04  2.123590E-01  1.966883E-01  3.082704E-02  2.319237E-01  7.271135E-03  6.316792E-02  8.278183E-02  4.883012E-02  1.205908E-01  3.756181E-04
 2.967500E+02  4.206541E-03  9.076800E-04  1.177025E-04  2.124493E-01  1.969793E-01  3.075377E-02  2.321672E-01  7.308055E-03  6.321504E-02  8.272293E-02  4.869503E-02  1.201031E-01  3.743260E-04
 2.970000E+02  4.241922E-03  9.188767E-04  1.187944E-04  2.125392E-01  1.972695E-01  3.068058E-02  2.324097E-01  7.345074E-03  6.326188E-02  8.266383E-02  4.856034E-02  1.196173E-01  3.730380E-04
 2.972500E+02  4.277537E-03  9.301919E-04  1.198944E-04  2.126284E-01  1.975589E-01  3.060750E-02  2.326512E-01  7.382193E-03  6.330843E-02  8.260455E-02  4.842605E-02  1.191334E-01  3.717540E-04
 2.975000E+02  4.313388E-03  9.416265E-04  1.210026E-04  2.127172E-01  1.978474E-01  3.053451E-02  2.328916E-01  7.419412E-03  6.335469E-02  8.254508E-02  4.829216E-02  1.186516E-01  3.704740E-04
 2.977500E+02  4.349475E-03  9.531817E-04  1.221190E-04  2.128054E-01  1.981350E-01  3.046162E-02  2.331309E-01  7.456731E-03  6.340066E-02  8.248542E-02  4.815866E-02  1.181716E-01  3.691980E-04
 2.980000E+02  4.385799E-03  9.648584E-04  1.232437E-04  2.128930E-01  1.984218E-01  3.038884E-02  2.333692E-01  7.494148E-03  6.344634E-02  8.242559E-02  4.802557E-02  1.176937E-01  3.679261E-04
 2.982500E+02  4.422362E-03  9.766578E-04  1.243766E-04  2.129801E-01  1.987078E-01  3.031615E-02  2.336065E-01  7.531666E-03  6.349173E-02  8.236557E-02  4.789287E-02  1.172176E-01  3.666581E-04
 2.985000E+02  4.459165E-03  9.885808E-04  1.255179E-04  2.130666E-01  1.989929E-01  3.024356E-02  2.338427E-01  7.569282E-03  6.353684E-02  8.230537E-02  4.776056E-02  1.167435E-01  3.653942E-04
 2.987500E+02  4.496208E-03  1.000629E-03  1.266676E-04  2.131526E-01  1.992772E-01  3.017108E-02  2.340779E-01  7.606997E-03  6.358166E-02  8.224499E-02  4.762864E-02  1.162713E-01  3.641343E-04
 2.990000E+02  4.533493E-03  1.012802E-03  1.278257E-04  2.132381E-01  1.995606E-01  3.009871E-02  2.343120E-01  7.644812E-03  6.362620E-02  8.218444E-02  4.749712E-02  1.158010E-01  3.628783E-04
 2.992500E+02  4.571021E-03  1.025103E-03  1.289922E-04  2.133229E-01  1.998432E-01  3.002644E-02  2.345451E-01  7.682725E-03  6.367045E-02  8.212370E-02  4.736599E-02  1.153327E-01  3.616264E-04
 2.995000E+02  4.608793E-03  1.037531E-03  1.301673E-04  2.134073E-01  2.001250E-01  2.995427E-02  2.347772E-01  7.720737E-03  6.371442E-02  8.206280E-02  4.723524E-02  1.148662E-01  3.603785E-04
 2.997500E+02  4.646810E-03  1.050088E-03  1.313509E-04  2.134910E-01  2.004059E-01  2.988221E-02  2.350082E-01  7.758848E-03  6.375810E-02  8.200172E-02  4.710488E-02  1.144017E-01  3.591345E-04
 3.000000E+02  4.685073E-03  1.062776E-03  1.325432E-04  2.135742E-01  2.006860E-01  2.981026E-02  2.352382E-01  7.797057E-03  6.380150E-02  8.194046E-02  4.697491E-02  1.139391E-01  3.578946E-04
 3.002500E+02  4.723583E-03  1.075594E-03  1.337440E-04  2.136569E-01  2.009653E-01  2.973842E-02  2.354672E-01  7.835364E-03  6.384462E-02  8.187904E-02  4.684533E-02  1.134783E-01  3.566586E-04
 3.005000E+02  4.762342E-03  1.088545E-03  1.349536E-04  2.137389E-01  2.012437E-01  2.966669E-02  2.356951E-01  7.873770E-03  6.388745E-02  8.181745E-02  4.671612E-02  1.130195E-01  3.554266E-04
