#         T/K            w1            w2            w3            w5            d1            d2          d1w1         d1w2A         d1w2B          d1w3          d1w4          d2w1          d2w2
 2.500000E+02  5.109427E-04  6.236808E-05  2.077999E-05  4.638408E-01  5.775532E-02  1.500029E-02  1.001440E-01  1.744550E-03  3.889009E-02  9.357714E-02  1.157170E-01  1.123288E-01  4.079260E-04
 2.502500E+02  5.168789E-04  6.343091E-05  2.104718E-05  4.640545E-01  5.794130E-02  1.498380E-02  1.003960E-01  1.758500E-03  3.896899E-02  9.357158E-02  1.153715E-01  1.119456E-01  4.068593E-04
 2.505000E+02  5.228803E-04  6.451051E-05  2.131745E-05  4.642683E-01  5.812758E-02  1.496715E-02  1.006480E-01  1.772526E-03  3.904772E-02  9.356529E-02  1.150264E-01  1.115625E-01  4.057886E-04
 2.507500E+02  5.289394E-04  6.560636E-05  2.159064E-05  4.644816E-01  5.831371E-02  1.495037E-02  1.008995E-01  1.786626E-03  3.912622E-02  9.355850E-02  1.146825E-01  1.111801E-01  4.047181E-04
 2.510000E+02  5.350567E-04  6.671864E-05  2.186679E-05  4.646945E-01  5.849968E-02  1.493346E-02  1.011506E-01  1.800802E-03  3.920450E-02  9.355121E-02  1.143396E-01  1.107984E-01  4.036477E-04
 2.512500E+02  5.412325E-04  6.784759E-05  2.214591E-05  4.649068E-01  5.868548E-02  1.491642E-02  1.014011E-01  1.815052E-03  3.928256E-02  9.354342E-02  1.139979E-01  1.104174E-01  4.025775E-04
 2.515000E+02  5.474672E-04  6.899341E-05  2.242803E-05  4.651187E-01  5.887111E-02  1.489927E-02  1.016511E-01  1.829378E-03  3.936040E-02  9.353513E-02  1.136573E-01  1.100372E-01  4.015076E-04
 2.517500E+02  5.537614E-04  7.015631E-05  2.271318E-05  4.653301E-01  5.905658E-02  1.488199E-02  1.019007E-01  1.843779E-03  3.943801E-02  9.352635E-02  1.133177E-01  1.096577E-01  4.004378E-04
 2.520000E+02  5.601154E-04  7.133652E-05  2.300138E-05  4.655410E-01  5.924187E-02  1.486459E-02  1.021498E-01  1.858255E-03  3.951539E-02  9.351707E-02  1.129793E-01  1.092790E-01  3.993684E-04
 2.522500E+02  5.665296E-04  7.253426E-05  2.329266E-05  4.657514E-01  5.942699E-02  1.484707E-02  1.023983E-01  1.872807E-03  3.959255E-02  9.350731E-02  1.126419E-01  1.089010E-01  3.982993E-04
 2.525000E+02  5.730046E-04  7.374975E-05  2.358705E-05  4.659614E-01  5.961193E-02  1.482943E-02  1.026464E-01  1.887434E-03  3.966948E-02  9.349706E-02  1.123056E-01  1.085237E-01  3.972305E-04
 2.527500E+02  5.795407E-04  7.498322E-05  2.388456E-05  4.661708E-01  5.979669E-02  1.481167E-02  1.028939E-01  1.902137E-03  3.974619E-02  9.348633E-02  1.119704E-01  1.081472E-01  3.961620E-04
 2.530000E+02  5.861384E-04  7.623489E-05  2.418524E-05  4.663798E-01  5.998126E-02  1.479380E-02  1.031410E-01  1.916916E-03  3.982267E-02  9.347511E-02  1.116363E-01  1.077715E-01  3.950940E-04
 2.532500E+02  5.927982E-04  7.750499E-05  2.448909E-05  4.665883E-01  6.016565E-02  1.477581E-02  1.033875E-01  1.931771E-03  3.989893E-02  9.346341E-02  1.113033E-01  1.073965E-01  3.940263E-04
 2.535000E+02  5.995204E-04  7.879377E-05  2.479616E-05  4.667963E-01  6.034986E-02  1.475771E-02  1.036336E-01  1.946702E-03  3.997495E-02  9.345123E-02  1.109713E-01  1.070223E-01  3.929591E-04
 2.537500E+02  6.063055E-04  8.010144E-05  2.510646E-05  4.670038E-01  6.053387E-02  1.473949E-02  1.038791E-01  1.961709E-03  4.005075E-02  9.343858E-02  1.106404E-01  1.066489E-01  3.918924E-04
 2.540000E+02  6.131540E-04  8.142826E-05  2.542003E-05  4.672108E-01  6.071768E-02  1.472116E-02  1.041241E-01  1.976793E-03  4.012631E-02  9.342545E-02  1.103106E-01  1.062763E-01  3.908261E-04
 2.542500E+02  6.200663E-04  8.277445E-05  2.573689E-05  4.674174E-01  6.090130E-02  1.470272E-02  1.043685E-01  1.991953E-03  4.020165E-02  9.341186E-02  1.099818E-01  1.059045E-01  3.897604E-04
 2.545000E+02  6.270428E-04  8.414027E-05  2.605707E-05  4.676235E-01  6.108472E-02  1.468417E-02  1.046125E-01  2.007189E-03  4.027676E-02  9.339779E-02  1.096541E-01  1.055334E-01  3.886952E-04
 2.547500E+02  6.340841E-04  8.552596E-05  2.638060E-05  4.678290E-01  6.126794E-02  1.466551E-02  1.048559E-01  2.022502E-03  4.035164E-02  9.338326E-02  1.093274E-01  1.051631E-01  3.876306E-04
 2.550000E+02  6.411905E-04  8.693176E-05  2.670749E-05  4.680341E-01  6.145096E-02  1.464674E-02  1.050988E-01  2.037892E-03  4.042628E-02  9.336826E-02  1.090018E-01  1.047937E-01  3.865665E-04
 2.552500E+02  6.483626E-04  8.835792E-05  2.703779E-05  4.682388E-01  6.163377E-02  1.462786E-02  1.053412E-01  2.053358E-03  4.050070E-02  9.335280E-02  1.086773E-01  1.044250E-01  3.855031E-04
 2.555000E+02  6.556008E-04  8.980470E-05  2.737152E-05  4.684429E-01  6.181637E-02  1.460888E-02  1.055830E-01  2.068902E-03  4.057488E-02  9.333687E-02  1.083538E-01  1.040572E-01  3.844404E-04
 2.557500E+02  6.629055E-04  9.127235E-05  2.770871E-05  4.686465E-01  6.199875E-02  1.458980E-02  1.058243E-01  2.084522E-03  4.064883E-02  9.332049E-02  1.080313E-01  1.036901E-01  3.833783E-04
 2.560000E+02  6.702773E-04  9.276114E-05  2.804938E-05  4.688497E-01  6.218093E-02  1.457061E-02  1.060651E-01  2.100220E-03  4.072255E-02  9.330366E-02  1.077099E-01  1.033239E-01  3.823169E-04
 2.562500E+02  6.777165E-04  9.427131E-05  2.839357E-05  4.690524E-01  6.236289E-02  1.455132E-02  1.063053E-01  2.115995E-03  4.079604E-02  9.328637E-02  1.073896E-01  1.029585E-01  3.812562E-04
 2.565000E+02  6.852237E-04  9.580313E-05  2.874130E-05  4.692546E-01  6.254462E-02  1.453192E-02  1.065450E-01  2.131847E-03  4.086929E-02  9.326863E-02  1.070702E-01  1.025939E-01  3.801963E-04
 2.567500E+02  6.927993E-04  9.735687E-05  2.909260E-05  4.694563E-01  6.272614E-02  1.451243E-02  1.067842E-01  2.147777E-03  4.094230E-02  9.325044E-02  1.067519E-01  1.022301E-01  3.791371E-04
 2.570000E+02  7.004437E-04  9.893280E-05  2.944750E-05  4.696575E-01  6.290744E-02  1.449284E-02  1.070228E-01  2.163784E-03  4.101509E-02  9.323181E-02  1.064347E-01  1.018672E-01  3.780787E-04
 2.572500E+02  7.081576E-04  1.005312E-04  2.980603E-05  4.698583E-01  6.308850E-02  1.447315E-02  1.072608E-01  2.179869E-03  4.108764E-02  9.321273E-02  1.061184E-01  1.015051E-01  3.770212E-04
 2.575000E+02  7.159412E-04  1.021523E-04  3.016822E-05  4.700585E-01  6.326934E-02  1.445336E-02  1.074983E-01  2.196032E-03  4.115995E-02  9.319320E-02  1.058032E-01  1.011438E-01  3.759645E-04
 2.577500E+02  7.237952E-04  1.037964E-04  3.053409E-05  4.702583E-01  6.344995E-02  1.443348E-02  1.077353E-01  2.212272E-03  4.123203E-02  9.317324E-02  1.054890E-01  1.007834E-01  3.749086E-04
 2.580000E+02  7.317200E-04  1.054638E-04  3.090368E-05  4.704576E-01  6.363033E-02  1.441350E-02  1.079717E-01  2.228591E-03  4.130387E-02  9.315284E-02  1.051759E-01  1.004238E-01  3.738536E-04
 2.582500E+02  7.397161E-04  1.071548E-04  3.127702E-05  4.706564E-01  6.381047E-02  1.439343E-02  1.082075E-01  2.244987E-03  4.137548E-02  9.313201E-02  1.048637E-01  1.000651E-01  3.727996E-04
 2.585000E+02  7.477839E-04  1.088696E-04  3.165414E-05  4.708547E-01  6.399038E-02  1.437327E-02  1.084428E-01  2.261462E-03  4.144685E-02  9.311074E-02  1.045525E-01  9.970718E-02  3.717465E-04
 2.587500E+02  7.559239E-04  1.106085E-04  3.203506E-05  4.710526E-01  6.417004E-02  1.435302E-02  1.086775E-01  2.278015E-03  4.151799E-02  9.308904E-02  1.042424E-01  9.935015E-02  3.706943E-04
 2.590000E+02  7.641367E-04  1.123719E-04  3.241982E-05  4.712499E-01  6.434946E-02  1.433267E-02  1.089117E-01  2.294646E-03  4.158889E-02  9.306692E-02  1.039333E-01  9.899398E-02  3.696431E-04
 2.592500E+02  7.724227E-04  1.141600E-04  3.280845E-05  4.714468E-01  6.452864E-02  1.431224E-02  1.091453E-01  2.311355E-03  4.165955E-02  9.304436E-02  1.036252E-01  9.863866E-02  3.685929E-04
 2.595000E+02  7.807824E-04  1.159731E-04  3.320098E-05  4.716432E-01  6.470757E-02  1.429172E-02  1.093783E-01  2.328143E-03  4.172997E-02  9.302139E-02  1.033180E-01  9.828421E-02  3.675437E-04
 2.597500E+02  7.892163E-04  1.178115E-04  3.359743E-05  4.718391E-01  6.488626E-02  1.427111E-02  1.096107E-01  2.345009E-03  4.180016E-02  9.299799E-02  1.030119E-01  9.793062E-02  3.664955E-04
 2.600000E+02  7.977249E-04  1.196756E-04  3.399784E-05  4.720345E-01  6.506469E-02  1.425041E-02  1.098426E-01  2.361954E-03  4.187011E-02  9.297417E-02  1.027068E-01  9.757790E-02  3.654484E-04
 2.602500E+02  8.063087E-04  1.215655E-04  3.440224E-05  4.722294E-01  6.524287E-02  1.422963E-02  1.100739E-01  2.378978E-03  4.193982E-02  9.294994E-02  1.024026E-01  9.722606E-02  3.644024E-04
 2.605000E+02  8.149682E-04  1.234817E-04  3.481067E-05  4.724239E-01  6.542080E-02  1.420877E-02  1.103047E-01  2.396080E-03  4.200929E-02  9.292529E-02  1.020995E-01  9.687509E-02  3.633575E-04
 2.607500E+02  8.237038E-04  1.254244E-04  3.522314E-05  4.726178E-01  6.559847E-02  1.418782E-02  1.105349E-01  2.413262E-03  4.207852E-02  9.290023E-02  1.017973E-01  9.652499E-02  3.623138E-04
 2.610000E+02  8.325162E-04  1.273940E-04  3.563970E-05  4.728113E-01  6.577588E-02  1.416679E-02  1.107645E-01  2.430522E-03  4.214752E-02  9.287476E-02  1.014962E-01  9.617578E-02  3.612711E-04
 2.612500E+02  8.414058E-04  1.293907E-04  3.606037E-05  4.730043E-01  6.595304E-02  1.414569E-02  1.109935E-01  2.447861E-03  4.221628E-02  9.284888E-02  1.011960E-01  9.582745E-02  3.602297E-04
 2.615000E+02  8.503730E-04  1.314149E-04  3.648519E-05  4.731968E-01  6.612992E-02  1.412450E-02  1.112219E-01  2.465280E-03  4.228479E-02  9.282259E-02  1.008967E-01  9.548000E-02  3.591894E-04
 2.617500E+02  8.594185E-04  1.334669E-04  3.691419E-05  4.733888E-01  6.630655E-02  1.410323E-02  1.114498E-01  2.482778E-03  4.235307E-02  9.279590E-02  1.005985E-01  9.513345E-02  3.581503E-04
 2.620000E+02  8.685427E-04  1.355470E-04  3.734741E-05  4.735803E-01  6.648291E-02  1.408189E-02  1.116771E-01  2.500354E-03  4.242111E-02  9.276882E-02  1.003012E-01  9.478778E-02  3.571125E-04
 2.622500E+02  8.777461E-04  1.376556E-04  3.778486E-05  4.737714E-01  6.665900E-02  1.406046E-02  1.119037E-01  2.518011E-03  4.248891E-02  9.274133E-02  1.000049E-01  9.444301E-02  3.560759E-04
 2.625000E+02  8.870293E-04  1.397930E-04  3.822659E-05  4.739619E-01  6.683481E-02  1.403897E-02  1.121298E-01  2.535746E-03  4.255647E-02  9.271344E-02  9.970958E-02  9.409914E-02  3.550406E-04
 2.627500E+02  8.963927E-04  1.419595E-04  3.867263E-05  4.741520E-01  6.701036E-02  1.401740E-02  1.123554E-01  2.553562E-03  4.262379E-02  9.268517E-02  9.941521E-02  9.375616E-02  3.540065E-04
 2.630000E+02  9.058369E-04  1.441555E-04  3.912301E-05  4.743415E-01  6.718563E-02  1.399575E-02  1.125803E-01  2.571456E-03  4.269087E-02  9.265650E-02  9.912180E-02  9.341408E-02  3.529737E-04
 2.632500E+02  9.153624E-04  1.463812E-04  3.957776E-05  4.745306E-01  6.736063E-02  1.397404E-02  1.128046E-01  2.589430E-03  4.275771E-02  9.262744E-02  9.882935E-02  9.307291E-02  3.519423E-04
 2.635000E+02  9.249697E-04  1.486371E-04  4.003692E-05  4.747192E-01  6.753535E-02  1.395225E-02  1.130284E-01  2.607484E-03  4.282430E-02  9.259799E-02  9.853785E-02  9.273264E-02  3.509122E-04
 2.637500E+02  9.346594E-04  1.509235E-04  4.050052E-05  4.749073E-01  6.770979E-02  1.393039E-02  1.132515E-01  2.625618E-03  4.289066E-02  9.256816E-02  9.824731E-02  9.239328E-02  3.498835E-04
 2.640000E+02  9.444320E-04  1.532407E-04  4.096859E-05  4.750949E-01  6.788394E-02  1.390847E-02  1.134741E-01  2.643832E-03  4.295678E-02  9.253795E-02  9.795771E-02  9.205482E-02  3.488561E-04
 2.642500E+02  9.542879E-04  1.555892E-04  4.144117E-05  4.752820E-01  6.805782E-02  1.388647E-02  1.136961E-01  2.662125E-03  4.302266E-02  9.250735E-02  9.766906E-02  9.171728E-02  3.478302E-04
 2.645000E+02  9.642278E-04  1.579691E-04  4.191830E-05  4.754687E-01  6.823141E-02  1.386441E-02  1.139174E-01  2.680499E-03  4.308830E-02  9.247638E-02  9.738136E-02  9.138066E-02  3.468056E-04
 2.647500E+02  9.742521E-04  1.603810E-04  4.239999E-05  4.756548E-01  6.840471E-02  1.384228E-02  1.141382E-01  2.698952E-03  4.315369E-02  9.244503E-02  9.709459E-02  9.104494E-02  3.457825E-04
 2.650000E+02  9.843614E-04  1.628252E-04  4.288630E-05  4.758404E-01  6.857773E-02  1.382009E-02  1.143584E-01  2.717486E-03  4.321885E-02  9.241331E-02  9.680877E-02  9.071015E-02  3.447608E-04
 2.652500E+02  9.945563E-04  1.653019E-04  4.337725E-05  4.760256E-01  6.875045E-02  1.379783E-02  1.145779E-01  2.736099E-03  4.328376E-02  9.238121E-02  9.652388E-02  9.037627E-02  3.437406E-04
 2.655000E+02  1.004837E-03  1.678117E-04  4.387287E-05  4.762102E-01  6.892288E-02  1.377551E-02  1.147969E-01  2.754793E-03  4.334844E-02  9.234875E-02  9.623993E-02  9.004331E-02  3.427219E-04
 2.657500E+02  1.015205E-03  1.703549E-04  4.437321E-05  4.763944E-01  6.909502E-02  1.375313E-02  1.150153E-01  2.773567E-03  4.341287E-02  9.231592E-02  9.595690E-02  8.971128E-02  3.417046E-04
 2.660000E+02  1.025659E-03  1.729318E-04  4.487829E-05  4.765781E-01  6.926687E-02  1.373068E-02  1.152330E-01  2.792422E-03  4.347706E-02  9.228273E-02  9.567480E-02  8.938017E-02  3.406889E-04
 2.662500E+02  1.036202E-03  1.755429E-04  4.538816E-05  4.767612E-01  6.943841E-02  1.370818E-02  1.154502E-01  2.811357E-03  4.354102E-02  9.224917E-02  9.539363E-02  8.904999E-02  3.396747E-04
 2.665000E+02  1.046832E-03  1.781885E-04  4.590284E-05  4.769439E-01  6.960966E-02  1.368562E-02  1.156667E-01  2.830372E-03  4.360473E-02  9.221526E-02  9.511338E-02  8.872073E-02  3.386620E-04
 2.667500E+02  1.057552E-03  1.808690E-04  4.642237E-05  4.771261E-01  6.978062E-02  1.366300E-02  1.158827E-01  2.849468E-03  4.366820E-02  9.218098E-02  9.483404E-02  8.839241E-02  3.376510E-04
 2.670000E+02  1.068360E-03  1.835848E-04  4.694679E-05  4.773078E-01  6.995126E-02  1.364032E-02  1.160980E-01  2.868644E-03  4.373143E-02  9.214635E-02  9.455563E-02  8.806501E-02  3.366414E-04
 2.672500E+02  1.079259E-03  1.863362E-04  4.747614E-05  4.774890E-01  7.012161E-02  1.361758E-02  1.163128E-01  2.887901E-03  4.379441E-02  9.211137E-02  9.427813E-02  8.773855E-02  3.356335E-04
 2.675000E+02  1.090248E-03  1.891238E-04  4.801044E-05  4.776697E-01  7.029165E-02  1.359479E-02  1.165269E-01  2.907239E-03  4.385716E-02  9.207604E-02  9.400154E-02  8.741302E-02  3.346272E-04
 2.677500E+02  1.101328E-03  1.919479E-04  4.854974E-05  4.778499E-01  7.046139E-02  1.357195E-02  1.167404E-01  2.926657E-03  4.391967E-02  9.204035E-02  9.372585E-02  8.708842E-02  3.336225E-04
 2.680000E+02  1.112500E-03  1.948088E-04  4.909406E-05  4.780296E-01  7.063082E-02  1.354905E-02  1.169533E-01  2.946156E-03  4.398193E-02  9.200432E-02  9.345107E-02  8.676476E-02  3.326194E-04
 2.682500E+02  1.123763E-03  1.977070E-04  4.964346E-05  4.782088E-01  7.079994E-02  1.352610E-02  1.171656E-01  2.965736E-03  4.404396E-02  9.196795E-02  9.317720E-02  8.644204E-02  3.316180E-04
 2.685000E+02  1.135120E-03  2.006430E-04  5.019795E-05  4.783874E-01  7.096875E-02  1.350310E-02  1.173773E-01  2.985396E-03  4.410574E-02  9.193123E-02  9.290422E-02  8.612025E-02  3.306183E-04
 2.687500E+02  1.146569E-03  2.036171E-04  5.075759E-05  4.785656E-01  7.113725E-02  1.348005E-02  1.175883E-01  3.005138E-03  4.416729E-02  9.189418E-02  9.263215E-02  8.579941E-02  3.296202E-04
 2.690000E+02  1.158113E-03  2.066297E-04  5.132240E-05  4.787433E-01  7.130544E-02  1.345695E-02  1.177988E-01  3.024961E-03  4.422859E-02  9.185678E-02  9.236096E-02  8.547950E-02  3.286239E-04
 2.692500E+02  1.169750E-03  2.096813E-04  5.189243E-05  4.789205E-01  7.147331E-02  1.343380E-02  1.180086E-01  3.044864E-03  4.428965E-02  9.181906E-02  9.209067E-02  8.516054E-02  3.276292E-04
 2.695000E+02  1.181483E-03  2.127722E-04  5.246770E-05  4.790972E-01  7.164087E-02  1.341060E-02  1.182178E-01  3.064849E-03  4.435047E-02  9.178099E-02  9.182127E-02  8.484252E-02  3.266363E-04
 2.697500E+02  1.193311E-03  2.159030E-04  5.304826E-05  4.792734E-01  7.180811E-02  1.338736E-02  1.184264E-01  3.084914E-03  4.441106E-02  9.174260E-02  9.155276E-02  8.452544E-02  3.256451E-04
 2.700000E+02  1.205235E-03  2.190741E-04  5.363415E-05  4.794491E-01  7.197504E-02  1.336407E-02  1.186344E-01  3.105061E-03  4.447140E-02  9.170388E-02  9.128513E-02  8.420931E-02  3.246557E-04
 2.702500E+02  1.217256E-03  2.222858E-04  5.422540E-05  4.796243E-01  7.214164E-02  1.334074E-02  1.188418E-01  3.125289E-03  4.453150E-02  9.166483E-02  9.101838E-02  8.389412E-02  3.236680E-04
 2.705000E+02  1.229374E-03  2.255387E-04  5.482205E-05  4.797990E-01  7.230793E-02  1.331736E-02  1.190485E-01  3.145598E-03  4.459136E-02  9.162546E-02  9.075250E-02  8.357988E-02  3.226821E-04
 2.707500E+02  1.241590E-03  2.288331E-04  5.542414E-05  4.799731E-01  7.247389E-02  1.329394E-02  1.192547E-01  3.165989E-03  4.465098E-02  9.158576E-02  9.048751E-02  8.326659E-02  3.216979E-04
 2.710000E+02  1.253904E-03  2.321696E-04  5.603170E-05  4.801468E-01  7.263953E-02  1.327048E-02  1.194602E-01  3.186461E-03  4.471037E-02  9.154574E-02  9.022339E-02  8.295425E-02  3.207156E-04
 2.712500E+02  1.266317E-03  2.355486E-04  5.664478E-05  4.803200E-01  7.280484E-02  1.324697E-02  1.196651E-01  3.207014E-03  4.476951E-02  9.150541E-02  8.996014E-02  8.264285E-02  3.197351E-04
 2.715000E+02  1.278830E-03  2.389704E-04  5.726341E-05  4.804926E-01  7.296983E-02  1.322343E-02  1.198693E-01  3.227648E-03  4.482841E-02  9.146476E-02  8.969775E-02  8.233240E-02  3.187564E-04
 2.717500E+02  1.291443E-03  2.424357E-04  5.788764E-05  4.806648E-01  7.313450E-02  1.319984E-02  1.200730E-01  3.248364E-03  4.488708E-02  9.142380E-02  8.943623E-02  8.202290E-02  3.177796E-04
 2.720000E+02  1.304156E-03  2.459449E-04  5.851749E-05  4.808364E-01  7.329883E-02  1.317622E-02  1.202760E-01  3.269161E-03  4.494550E-02  9.138252E-02  8.917558E-02  8.171435E-02  3.168046E-04
 2.722500E+02  1.316971E-03  2.494983E-04  5.915301E-05  4.810075E-01  7.346284E-02  1.315256E-02  1.204784E-01  3.290040E-03  4.500369E-02  9.134094E-02  8.891578E-02  8.140675E-02  3.158315E-04
 2.725000E+02  1.329888E-03  2.530966E-04  5.979424E-05  4.811781E-01  7.362652E-02  1.312887E-02  1.206802E-01  3.311000E-03  4.506164E-02  9.129905E-02  8.865684E-02  8.110011E-02  3.148602E-04
 2.727500E+02  1.342907E-03  2.567401E-04  6.044122E-05  4.813482E-01  7.378987E-02  1.310513E-02  1.208814E-01  3.332042E-03  4.511935E-02  9.125685E-02  8.839876E-02  8.079441E-02  3.138908E-04
 2.730000E+02  1.356029E-03  2.604294E-04  6.109398E-05  4.815178E-01  7.395288E-02  1.308137E-02  1.210819E-01  3.353165E-03  4.517682E-02  9.121435E-02  8.814153E-02  8.048967E-02  3.129233E-04
 2.732500E+02  1.369255E-03  2.641649E-04  6.175257E-05  4.816869E-01  7.411557E-02  1.305756E-02  1.212818E-01  3.374370E-03  4.523405E-02  9.117155E-02  8.788514E-02  8.018588E-02  3.119577E-04
 2.735000E+02  1.382586E-03  2.679472E-04  6.241703E-05  4.818555E-01  7.427792E-02  1.303373E-02  1.214811E-01  3.395657E-03  4.529104E-02  9.112846E-02  8.762961E-02  7.988304E-02  3.109941E-04
 2.737500E+02  1.396021E-03  2.717766E-04  6.308739E-05  4.820235E-01  7.443993E-02  1.300986E-02  1.216798E-01  3.417025E-03  4.534780E-02  9.108506E-02  8.737492E-02  7.958115E-02  3.100323E-04
 2.740000E+02  1.409561E-03  2.756538E-04  6.376370E-05  4.821911E-01  7.460161E-02  1.298596E-02  1.218778E-01  3.438475E-03  4.540432E-02  9.104137E-02  8.712107E-02  7.928022E-02  3.090726E-04
 2.742500E+02  1.423208E-03  2.795792E-04  6.444600E-05  4.823581E-01  7.476295E-02  1.296203E-02  1.220753E-01  3.460007E-03  4.546060E-02  9.099739E-02  8.686805E-02  7.898024E-02  3.081147E-04
 2.745000E+02  1.436961E-03  2.835533E-04  6.513432E-05  4.825246E-01  7.492395E-02  1.293807E-02  1.222721E-01  3.481620E-03  4.551665E-02  9.095312E-02  8.661588E-02  7.868122E-02  3.071588E-04
 2.747500E+02  1.450822E-03  2.875767E-04  6.582871E-05  4.826906E-01  7.508462E-02  1.291409E-02  1.224683E-01  3.503315E-03  4.557245E-02  9.090856E-02  8.636454E-02  7.838314E-02  3.062049E-04
 2.750000E+02  1.464791E-03  2.916497E-04  6.652921E-05  4.828561E-01  7.524495E-02  1.289007E-02  1.226638E-01  3.525092E-03  4.562803E-02  9.086372E-02  8.611403E-02  7.808602E-02  3.052529E-04
 2.752500E+02  1.478868E-03  2.957731E-04  6.723586E-05  4.830210E-01  7.540493E-02  1.286602E-02  1.228587E-01  3.546951E-03  4.568336E-02  9.081859E-02  8.586435E-02  7.778986E-02  3.043030E-04
 2.755000E+02  1.493054E-03  2.999472E-04  6.794870E-05  4.831855E-01  7.556458E-02  1.284195E-02  1.230530E-01  3.568892E-03  4.573846E-02  9.077318E-02  8.561549E-02  7.749464E-02  3.033550E-04
 2.757500E+02  1.507350E-03  3.041726E-04  6.866777E-05  4.833494E-01  7.572388E-02  1.281786E-02  1.232467E-01  3.590914E-03  4.579332E-02  9.072749E-02  8.536746E-02  7.720039E-02  3.024090E-04
 2.760000E+02  1.521756E-03  3.084498E-04  6.939311E-05  4.835128E-01  7.588284E-02  1.279374E-02  1.234398E-01  3.613019E-03  4.584795E-02  9.068152E-02  8.512025E-02  7.690708E-02  3.014651E-04
 2.762500E+02  1.536274E-03  3.127795E-04  7.012477E-05  4.836756E-01  7.604146E-02  1.276959E-02  1.236322E-01  3.635205E-03  4.590234E-02  9.063527E-02  8.487386E-02  7.661473E-02  3.005232E-04
 2.765000E+02  1.550903E-03  3.171620E-04  7.086278E-05  4.838380E-01  7.619973E-02  1.274542E-02  1.238240E-01  3.657473E-03  4.595650E-02  9.058876E-02  8.462828E-02  7.632333E-02  2.995833E-04
 2.767500E+02  1.565644E-03  3.215979E-04  7.160720E-05  4.839998E-01  7.635765E-02  1.272123E-02  1.240152E-01  3.679824E-03  4.601042E-02  9.054197E-02  8.438351E-02  7.603288E-02  2.986454E-04
 2.770000E+02  1.580498E-03  3.260879E-04  7.235805E-05  4.841611E-01  7.651524E-02  1.269702E-02  1.242057E-01  3.702256E-03  4.606411E-02  9.049491E-02  8.413956E-02  7.574339E-02  2.977096E-04
 2.772500E+02  1.595465E-03  3.306324E-04  7.311539E-05  4.843219E-01  7.667247E-02  1.267278E-02  1.243957E-01  3.724770E-03  4.611756E-02  9.044759E-02  8.389642E-02  7.545484E-02  2.967759E-04
 2.775000E+02  1.610547E-03  3.352320E-04  7.387925E-05  4.844822E-01  7.682936E-02  1.264853E-02  1.245850E-01  3.747366E-03  4.617078E-02  9.040000E-02  8.365408E-02  7.516725E-02  2.958442E-04
 2.777500E+02  1.625743E-03  3.398873E-04  7.464969E-05  4.846419E-01  7.698590E-02  1.262425E-02  1.247737E-01  3.770044E-03  4.622376E-02  9.035214E-02  8.341254E-02  7.488061E-02  2.949146E-04
 2.780000E+02  1.641055E-03  3.445988E-04  7.542673E-05  4.848011E-01  7.714209E-02  1.259996E-02  1.249617E-01  3.792805E-03  4.627652E-02  9.030403E-02  8.317180E-02  7.459493E-02  2.939871E-04
 2.782500E+02  1.656483E-03  3.493671E-04  7.621043E-05  4.849597E-01  7.729793E-02  1.257565E-02  1.251492E-01  3.815647E-03  4.632903E-02  9.025565E-02  8.293186E-02  7.431019E-02  2.930616E-04
 2.785000E+02  1.672027E-03  3.541928E-04  7.700082E-05  4.851179E-01  7.745342E-02  1.255132E-02  1.253360E-01  3.838571E-03  4.638132E-02  9.020702E-02  8.269272E-02  7.402640E-02  2.921383E-04
 2.787500E+02  1.687689E-03  3.590764E-04  7.779795E-05  4.852755E-01  7.760856E-02  1.252698E-02  1.255222E-01  3.861577E-03  4.643337E-02  9.015814E-02  8.245437E-02  7.374357E-02  2.912170E-04
 2.790000E+02  1.703468E-03  3.640186E-04  7.860187E-05  4.854326E-01  7.776335E-02  1.250262E-02  1.257077E-01  3.884666E-03  4.648520E-02  9.010900E-02  8.221681E-02  7.346168E-02  2.902979E-04
 2.792500E+02  1.719367E-03  3.690198E-04  7.941262E-05  4.855891E-01  7.791778E-02  1.247825E-02  1.258927E-01  3.907836E-03  4.653679E-02  9.005961E-02  8.198003E-02  7.318074E-02  2.893809E-04
 2.795000E+02  1.735384E-03  3.740808E-04  8.023024E-05  4.857451E-01  7.807187E-02  1.245386E-02  1.260770E-01  3.931089E-03  4.658815E-02  9.000997E-02  8.174405E-02  7.290075E-02  2.884660E-04
 2.797500E+02  1.751521E-03  3.792021E-04  8.105477E-05  4.859006E-01  7.822560E-02  1.242946E-02  1.262607E-01  3.954424E-03  4.663927E-02  8.996008E-02  8.150884E-02  7.262170E-02  2.875532E-04
 2.800000E+02  1.767779E-03  3.843844E-04  8.188627E-05  4.860555E-01  7.837898E-02  1.240504E-02  1.264438E-01  3.977841E-03  4.669017E-02  8.990994E-02  8.127442E-02  7.234360E-02  2.866426E-04
 2.802500E+02  1.784158E-03  3.896281E-04  8.272477E-05  4.862100E-01  7.853200E-02  1.238061E-02  1.266262E-01  4.001340E-03  4.674084E-02  8.985957E-02  8.104077E-02  7.206645E-02  2.857341E-04
 2.805000E+02  1.800659E-03  3.949340E-04  8.357032E-05  4.863638E-01  7.868467E-02  1.235617E-02  1.268080E-01  4.024921E-03  4.679127E-02  8.980895E-02  8.080790E-02  7.179025E-02  2.848278E-04
 2.807500E+02  1.817282E-03  4.003026E-04  8.442296E-05  4.865172E-01  7.883699E-02  1.233173E-02  1.269893E-01  4.048584E-03  4.684148E-02  8.975809E-02  8.057580E-02  7.151498E-02  2.839236E-04
 2.810000E+02  1.834028E-03  4.057346E-04  8.528274E-05  4.866700E-01  7.898895E-02  1.230727E-02  1.271698E-01  4.072330E-03  4.689146E-02  8.970700E-02  8.034447E-02  7.124067E-02  2.830216E-04
 2.812500E+02  1.850898E-03  4.112305E-04  8.614970E-05  4.868222E-01  7.914055E-02  1.228280E-02  1.273498E-01  4.096157E-03  4.694121E-02  8.965567E-02  8.011391E-02  7.096729E-02  2.821218E-04
 2.815000E+02  1.867893E-03  4.167911E-04  8.702389E-05  4.869739E-01  7.929180E-02  1.225832E-02  1.275292E-01  4.120067E-03  4.699073E-02  8.960410E-02  7.988411E-02  7.069486E-02  2.812241E-04
 2.817500E+02  1.885012E-03  4.224170E-04  8.790536E-05  4.871251E-01  7.944269E-02  1.223384E-02  1.277079E-01  4.144059E-03  4.704002E-02  8.955231E-02  7.965508E-02  7.042336E-02  2.803286E-04
 2.820000E+02  1.902258E-03  4.281087E-04  8.879415E-05  4.872757E-01  7.959323E-02  1.220935E-02  1.278860E-01  4.168133E-03  4.708908E-02  8.950028E-02  7.942681E-02  7.015281E-02  2.794353E-04
 2.822500E+02  1.919629E-03  4.338670E-04  8.969030E-05  4.874258E-01  7.974340E-02  1.218485E-02  1.280635E-01  4.192289E-03  4.713792E-02  8.944802E-02  7.919929E-02  6.988320E-02  2.785441E-04
 2.825000E+02  1.937128E-03  4.396925E-04  9.059386E-05  4.875754E-01  7.989322E-02  1.216034E-02  1.282404E-01  4.216528E-03  4.718653E-02  8.939554E-02  7.897253E-02  6.961452E-02  2.776552E-04
 2.827500E+02  1.954755E-03  4.455859E-04  9.150488E-05  4.877243E-01  8.004268E-02  1.213583E-02  1.284166E-01  4.240849E-03  4.723491E-02  8.934284E-02  7.874652E-02  6.934679E-02  2.767685E-04
 2.830000E+02  1.972510E-03  4.515477E-04  9.242340E-05  4.878728E-01  8.019179E-02  1.211132E-02  1.285922E-01  4.265251E-03  4.728307E-02  8.928991E-02  7.852127E-02  6.907998E-02  2.758839E-04
 2.832500E+02  1.990394E-03  4.575787E-04  9.334948E-05  4.880207E-01  8.034053E-02  1.208680E-02  1.287673E-01  4.289736E-03  4.733100E-02  8.923676E-02  7.829676E-02  6.881412E-02  2.750016E-04
 2.835000E+02  2.008408E-03  4.636796E-04  9.428315E-05  4.881681E-01  8.048891E-02  1.206228E-02  1.289417E-01  4.314303E-03  4.737870E-02  8.918340E-02  7.807300E-02  6.854919E-02  2.741215E-04
 2.837500E+02  2.026552E-03  4.698510E-04  9.522446E-05  4.883149E-01  8.063694E-02  1.203776E-02  1.291155E-01  4.338953E-03  4.742618E-02  8.912981E-02  7.784998E-02  6.828519E-02  2.732436E-04
 2.840000E+02  2.044828E-03  4.760935E-04  9.617347E-05  4.884611E-01  8.078460E-02  1.201324E-02  1.292886E-01  4.363684E-03  4.747344E-02  8.907601E-02  7.762770E-02  6.802212E-02  2.723679E-04
 2.842500E+02  2.063235E-03  4.824080E-04  9.713021E-05  4.886068E-01  8.093191E-02  1.198871E-02  1.294612E-01  4.388498E-03  4.752047E-02  8.902200E-02  7.740616E-02  6.775998E-02  2.714944E-04
 2.845000E+02  2.081775E-03  4.887950E-04  9.809474E-05  4.887520E-01  8.107885E-02  1.196418E-02  1.296331E-01  4.413393E-03  4.756728E-02  8.896778E-02  7.718535E-02  6.749877E-02  2.706232E-04
 2.847500E+02  2.100448E-03  4.952553E-04  9.906710E-05  4.888966E-01  8.122544E-02  1.193966E-02  1.298045E-01  4.438371E-03  4.761386E-02  8.891335E-02  7.696528E-02  6.723849E-02  2.697542E-04
 2.850000E+02  2.119255E-03  5.017896E-04  1.000473E-04  4.890406E-01  8.137166E-02  1.191513E-02  1.299752E-01  4.463431E-03  4.766022E-02  8.885870E-02  7.674594E-02  6.697914E-02  2.688875E-04
 2.852500E+02  2.138196E-03  5.083986E-04  1.010355E-04  4.891841E-01  8.151753E-02  1.189060E-02  1.301453E-01  4.488573E-03  4.770636E-02  8.880386E-02  7.652733E-02  6.672071E-02  2.680229E-04
 2.855000E+02  2.157272E-03  5.150829E-04  1.020316E-04  4.893270E-01  8.166303E-02  1.186608E-02  1.303148E-01  4.513798E-03  4.775228E-02  8.874881E-02  7.630944E-02  6.646321E-02  2.671607E-04
 2.857500E+02  2.176485E-03  5.218433E-04  1.030358E-04  4.894694E-01  8.180817E-02  1.184156E-02  1.304837E-01  4.539104E-03  4.779797E-02  8.869355E-02  7.609228E-02  6.620663E-02  2.663006E-04
 2.860000E+02  2.195834E-03  5.286806E-04  1.040480E-04  4.896112E-01  8.195295E-02  1.181704E-02  1.306519E-01  4.564492E-03  4.784345E-02  8.863810E-02  7.587584E-02  6.595097E-02  2.654428E-04
 2.862500E+02  2.215320E-03  5.355954E-04  1.050684E-04  4.897525E-01  8.209737E-02  1.179253E-02  1.308196E-01  4.589963E-03  4.788870E-02  8.858245E-02  7.566011E-02  6.569624E-02  2.645873E-04
 2.865000E+02  2.234945E-03  5.425885E-04  1.060969E-04  4.898932E-01  8.224143E-02  1.176802E-02  1.309866E-01  4.615516E-03  4.793373E-02  8.852660E-02  7.544511E-02  6.544242E-02  2.637340E-04
 2.867500E+02  2.254708E-03  5.496607E-04  1.071337E-04  4.900333E-01  8.238512E-02  1.174351E-02  1.311531E-01  4.641150E-03  4.797855E-02  8.847055E-02  7.523082E-02  6.518952E-02  2.628830E-04
 2.870000E+02  2.274610E-03  5.568125E-04  1.081787E-04  4.901729E-01  8.252846E-02  1.171901E-02  1.313189E-01  4.666867E-03  4.802314E-02  8.841431E-02  7.501723E-02  6.493753E-02  2.620343E-04
 2.872500E+02  2.294653E-03  5.640449E-04  1.092320E-04  4.903119E-01  8.267143E-02  1.169452E-02  1.314842E-01  4.692666E-03  4.806751E-02  8.835788E-02  7.480436E-02  6.468646E-02  2.611878E-04
 2.875000E+02  2.314836E-03  5.713586E-04  1.102937E-04  4.904503E-01  8.281404E-02  1.167003E-02  1.316488E-01  4.718547E-03  4.811167E-02  8.830126E-02  7.459220E-02  6.443630E-02  2.603435E-04
 2.877500E+02  2.335161E-03  5.787543E-04  1.113638E-04  4.905882E-01  8.295629E-02  1.164555E-02  1.318128E-01  4.744510E-03  4.815561E-02  8.824445E-02  7.438074E-02  6.418705E-02  2.595016E-04
 2.880000E+02  2.355628E-03  5.862328E-04  1.124424E-04  4.907255E-01  8.309817E-02  1.162108E-02  1.319762E-01  4.770555E-03  4.819933E-02  8.818745E-02  7.416998E-02  6.393872E-02  2.586619E-04
 2.882500E+02  2.376238E-03  5.937949E-04  1.135295E-04  4.908622E-01  8.323970E-02  1.159661E-02  1.321391E-01  4.796682E-03  4.824283E-02  8.813027E-02  7.395993E-02  6.369129E-02  2.578245E-04
 2.885000E+02  2.396992E-03  6.014412E-04  1.146251E-04  4.909984E-01  8.338086E-02  1.157215E-02  1.323013E-01  4.822890E-03  4.828612E-02  8.807290E-02  7.375057E-02  6.344477E-02  2.569893E-04
 2.887500E+02  2.417890E-03  6.091728E-04  1.157294E-04  4.911340E-01  8.352166E-02  1.154771E-02  1.324629E-01  4.849181E-03  4.832919E-02  8.801535E-02  7.354190E-02  6.319915E-02  2.561564E-04
 2.890000E+02  2.438933E-03  6.169902E-04  1.168423E-04  4.912690E-01  8.366210E-02  1.152327E-02  1.326239E-01  4.875554E-03  4.837204E-02  8.795763E-02  7.333393E-02  6.295444E-02  2.553258E-04
 2.892500E+02  2.460122E-03  6.248943E-04  1.179639E-04  4.914035E-01  8.380217E-02  1.149884E-02  1.327843E-01  4.902009E-03  4.841468E-02  8.789972E-02  7.312665E-02  6.271063E-02  2.544975E-04
 2.895000E+02  2.481457E-03  6.328859E-04  1.190943E-04  4.915374E-01  8.394189E-02  1.147443E-02  1.329441E-01  4.928545E-03  4.845710E-02  8.784164E-02  7.292006E-02  6.246772E-02  2.536715E-04
 2.897500E+02  2.502940E-03  6.409658E-04  1.202335E-04  4.916707E-01  8.408124E-02  1.145002E-02  1.331034E-01  4.955164E-03  4.849931E-02  8.778338E-02  7.271415E-02  6.222570E-02  2.528477E-04
 2.900000E+02  2.524571E-03  6.491349E-04  1.213816E-04  4.918034E-01  8.422023E-02  1.142563E-02  1.332620E-01  4.981864E-03  4.854131E-02  8.772495E-02  7.250892E-02  6.198459E-02  2.520263E-04
 2.902500E+02  2.546350E-03  6.573938E-04  1.225386E-04  4.919356E-01  8.435886E-02  1.140125E-02  1.334200E-01  5.008646E-03  4.858309E-02  8.766634E-02  7.230438E-02  6.174437E-02  2.512071E-04
 2.905000E+02  2.568278E-03  6.657435E-04  1.237046E-04  4.920671E-01  8.449713E-02  1.137688E-02  1.335774E-01  5.035510E-03  4.862466E-02  8.760757E-02  7.210052E-02  6.150504E-02  2.503902E-04
 2.907500E+02  2.590357E-03  6.741848E-04  1.248796E-04  4.921981E-01  8.463503E-02  1.135252E-02  1.337343E-01  5.062456E-03  4.866602E-02  8.754863E-02  7.189733E-02  6.126661E-02  2.495756E-04
 2.910000E+02  2.612587E-03  6.827185E-04  1.260637E-04  4.923286E-01  8.477258E-02  1.132818E-02  1.338905E-01  5.089484E-03  4.870717E-02  8.748952E-02  7.169481E-02  6.102906E-02  2.487632E-04
 2.912500E+02  2.634968E-03  6.913455E-04  1.272569E-04  4.924584E-01  8.490976E-02  1.130386E-02  1.340462E-01  5.116593E-03  4.874810E-02  8.743024E-02  7.149297E-02  6.079240E-02  2.479532E-04
 2.915000E+02  2.657501E-03  7.000665E-04  1.284592E-04  4.925876E-01  8.504658E-02  1.127955E-02  1.342012E-01  5.143784E-03  4.878882E-02  8.737080E-02  7.129180E-02  6.055663E-02  2.471454E-04
 2.917500E+02  2.680188E-03  7.088825E-04  1.296708E-04  4.927163E-01  8.518304E-02  1.125525E-02  1.343557E-01  5.171057E-03  4.882934E-02  8.731120E-02  7.109129E-02  6.032175E-02  2.463400E-04
 2.920000E+02  2.703028E-03  7.177943E-04  1.308917E-04  4.928444E-01  8.531915E-02  1.123097E-02  1.345096E-01  5.198412E-03  4.886964E-02  8.725144E-02  7.089145E-02  6.008774E-02  2.455368E-04
 2.922500E+02  2.726023E-03  7.268027E-04  1.321219E-04  4.929719E-01  8.545489E-02  1.120670E-02  1.346629E-01  5.225848E-03  4.890973E-02  8.719152E-02  7.069228E-02  5.985462E-02  2.447359E-04
 2.925000E+02  2.749173E-03  7.359087E-04  1.333615E-04  4.930988E-01  8.559026E-02  1.118246E-02  1.348156E-01  5.253366E-03  4.894962E-02  8.713144E-02  7.049376E-02  5.962238E-02  2.439373E-04
 2.927500E+02  2.772479E-03  7.451131E-04  1.346105E-04  4.932251E-01  8.572528E-02  1.115822E-02  1.349677E-01  5.280965E-03  4.898929E-02  8.707120E-02  7.029590E-02  5.939101E-02  2.431410E-04
 2.930000E+02  2.795942E-03  7.544168E-04  1.358691E-04  4.933508E-01  8.585994E-02  1.113401E-02  1.351192E-01  5.308646E-03  4.902876E-02  8.701081E-02  7.009870E-02  5.916052E-02  2.423470E-04
 2.932500E+02  2.819562E-03  7.638206E-04  1.371371E-04  4.934759E-01  8.599424E-02  1.110982E-02  1.352702E-01  5.336408E-03  4.906802E-02  8.695027E-02  6.990215E-02  5.893090E-02  2.415553E-04
 2.935000E+02  2.843340E-03  7.733255E-04  1.384148E-04  4.936005E-01  8.612818E-02  1.108564E-02  1.354206E-01  5.364253E-03  4.910708E-02  8.688957E-02  6.970625E-02  5.870215E-02  2.407658E-04
 2.937500E+02  2.867278E-03  7.829324E-04  1.397021E-04  4.937244E-01  8.626176E-02  1.106148E-02  1.355703E-01  5.392178E-03  4.914592E-02  8.682873E-02  6.951100E-02  5.847427E-02  2.399787E-04
 2.940000E+02  2.891375E-03  7.926421E-04  1.409991E-04  4.938478E-01  8.639499E-02  1.103734E-02  1.357195E-01  5.420185E-03  4.918457E-02  8.676773E-02  6.931639E-02  5.824726E-02  2.391938E-04
 2.942500E+02  2.915633E-03  8.024557E-04  1.423059E-04  4.939705E-01  8.652785E-02  1.101322E-02  1.358682E-01  5.448273E-03  4.922300E-02  8.670659E-02  6.912243E-02  5.802111E-02  2.384112E-04
 2.945000E+02  2.940052E-03  8.123739E-04  1.436225E-04  4.940927E-01  8.666035E-02  1.098912E-02  1.360162E-01  5.476443E-03  4.926123E-02  8.664530E-02  6.892912E-02  5.779582E-02  2.376310E-04
 2.947500E+02  2.964633E-03  8.223977E-04  1.449490E-04  4.942143E-01  8.679250E-02  1.096505E-02  1.361637E-01  5.504694E-03  4.929926E-02  8.658387E-02  6.873644E-02  5.757140E-02  2.368530E-04
 2.950000E+02  2.989376E-03  8.325281E-04  1.462853E-04  4.943352E-01  8.692429E-02  1.094099E-02  1.363106E-01  5.533027E-03  4.933708E-02  8.652230E-02  6.854440E-02  5.734784E-02  2.360772E-04
 2.952500E+02  3.014284E-03  8.427660E-04  1.476317E-04  4.944556E-01  8.705572E-02  1.091695E-02  1.364569E-01  5.561441E-03  4.937470E-02  8.646058E-02  6.835300E-02  5.712513E-02  2.353038E-04
 2.955000E+02  3.039355E-03  8.531123E-04  1.489881E-04  4.945753E-01  8.718680E-02  1.089294E-02  1.366027E-01  5.589936E-03  4.941212E-02  8.639873E-02  6.816223E-02  5.690328E-02  2.345327E-04
 2.957500E+02  3.064592E-03  8.635680E-04  1.503545E-04  4.946945E-01  8.731751E-02  1.086895E-02  1.367478E-01  5.618512E-03  4.944933E-02  8.633673E-02  6.797209E-02  5.668228E-02  2.337638E-04
 2.960000E+02  3.089994E-03  8.741340E-04  1.517311E-04  4.948130E-01  8.744787E-02  1.084498E-02  1.368924E-01  5.647170E-03  4.948635E-02  8.627460E-02  6.778258E-02  5.646213E-02  2.329973E-04
 2.962500E+02  3.115563E-03  8.848114E-04  1.531179E-04  4.949310E-01  8.757788E-02  1.082103E-02  1.370365E-01  5.675908E-03  4.952316E-02  8.621234E-02  6.759369E-02  5.624283E-02  2.322330E-04
 2.965000E+02  3.141300E-03  8.956009E-04  1.545150E-04  4.950483E-01  8.770753E-02  1.079711E-02  1.371799E-01  5.704728E-03  4.955977E-02  8.614993E-02  6.740543E-02  5.602438E-02  2.314710E-04
 2.967500E+02  3.167204E-03  9.065038E-04  1.559223E-04  4.951650E-01  8.783682E-02  1.077321E-02  1.373228E-01  5.733629E-03  4.959618E-02  8.608740E-02  6.721779E-02  5.580677E-02  2.307112E-04
 2.970000E+02  3.193277E-03  9.175208E-04  1.573401E-04  4.952811E-01  8.796576E-02  1.074934E-02  1.374652E-01  5.762611E-03  4.963239E-02  8.602473E-02  6.703078E-02  5.559000E-02  2.299538E-04
 2.972500E+02  3.219520E-03  9.286530E-04  1.587682E-04  4.953966E-01  8.809434E-02  1.072549E-02  1.376069E-01  5.791674E-03  4.966840E-02  8.596194E-02  6.684437E-02  5.537408E-02  2.291986E-04
 2.975000E+02  3.245934E-03  9.399014E-04  1.602068E-04  4.955115E-01  8.822257E-02  1.070166E-02  1.377481E-01  5.820818E-03  4.970422E-02  8.589901E-02  6.665859E-02  5.515899E-02  2.284457E-04
 2.977500E+02  3.272518E-03  9.512671E-04  1.616559E-04  4.956258E-01  8.835045E-02  1.067786E-02  1.378888E-01  5.850042E-03  4.973983E-02  8.583596E-02  6.647342E-02  5.494474E-02  2.276951E-04
 2.980000E+02  3.299275E-03  9.627509E-04  1.631156E-04  4.957395E-01  8.847797E-02  1.065409E-02  1.380288E-01  5.879348E-03  4.977525E-02  8.577278E-02  6.628886E-02  5.473132E-02  2.269468E-04
 2.982500E+02  3.326205E-03  9.743540E-04  1.645860E-04  4.958525E-01  8.860514E-02  1.063034E-02  1.381684E-01  5.908735E-03  4.981047E-02  8.570948E-02  6.610491E-02  5.451873E-02  2.262007E-04
 2.985000E+02  3.353308E-03  9.860772E-04  1.660670E-04  4.959649E-01  8.873195E-02  1.060662E-02  1.383073E-01  5.938202E-03  4.984549E-02  8.564605E-02  6.592156E-02  5.430697E-02  2.254569E-04
 2.987500E+02  3.380585E-03  9.979218E-04  1.675588E-04  4.960767E-01  8.885842E-02  1.058292E-02  1.384457E-01  5.967750E-03  4.988032E-02  8.558251E-02  6.573882E-02  5.409604E-02  2.247153E-04
 2.990000E+02  3.408038E-03  1.009889E-03  1.690614E-04  4.961879E-01  8.898453E-02  1.055926E-02  1.385836E-01  5.997379E-03  4.991495E-02  8.551884E-02  6.555668E-02  5.388594E-02  2.239760E-04
 2.992500E+02  3.435666E-03  1.021979E-03  1.705749E-04  4.962985E-01  8.911029E-02  1.053561E-02  1.387208E-01  6.027088E-03  4.994939E-02  8.545505E-02  6.537515E-02  5.367665E-02  2.232390E-04
 2.995000E+02  3.463471E-03  1.034193E-03  1.720993E-04  4.964084E-01  8.923571E-02  1.051200E-02  1.388576E-01  6.056879E-03  4.998363E-02  8.539114E-02  6.519421E-02  5.346819E-02  2.225043E-04
 2.997500E+02  3.491454E-03  1.046533E-03  1.736347E-04  4.965177E-01  8.936077E-02  1.048842E-02  1.389937E-01  6.086749E-03  5.001768E-02  8.532712E-02  6.501386E-02  5.326055E-02  2.217718E-04
 3.000000E+02  3.519615E-03  1.059000E-03  1.751811E-04  4.966264E-01  8.948548E-02  1.046486E-02  1.391294E-01  6.116701E-03  5.005153E-02  8.526298E-02  6.483412E-02  5.305372E-02  2.210415E-04
 3.002500E+02  3.547955E-03  1.071594E-03  1.767386E-04  4.967345E-01  8.960984E-02  1.044133E-02  1.392644E-01  6.146732E-03  5.008520E-02  8.519872E-02  6.465496E-02  5.284770E-02  2.203135E-04
 3.005000E+02  3.576475E-03  1.084317E-03  1.783073E-04  4.968419E-01  8.973385E-02  1.041783E-02  1.393990E-01  6.176845E-03  5.011867E-02  8.513435E-02  6.447639E-02  5.264250E-02  2.195878E-04
