#         T/K            w1            w2            w3            w5            d1            d2          d1w1         d1w2A         d1w2B          d1w3          d1w4          d2w1          d2w2
 2.500000E+02  3.731996E-04  5.726987E-05  2.398855E-05  8.462865E-01  1.140410E-02  1.006615E-03  2.485929E-02  5.444301E-04  1.213661E-02  3.671328E-02  5.707492E-02  9.476535E-03  4.326480E-05
 2.502500E+02  3.773819E-04  5.822350E-05  2.428826E-05  8.464118E-01  1.143615E-02  1.005121E-03  2.491227E-02  5.485853E-04  1.215685E-02  3.669873E-02  5.688668E-02  9.440793E-03  4.313707E-05
 2.505000E+02  3.816039E-04  5.919126E-05  2.459115E-05  8.465368E-01  1.146817E-02  1.003619E-03  2.496512E-02  5.527612E-04  1.217701E-02  3.668397E-02  5.669905E-02  9.405127E-03  4.300934E-05
 2.507500E+02  3.858646E-04  6.017318E-05  2.489721E-05  8.466614E-01  1.150014E-02  1.002110E-03  2.501782E-02  5.569575E-04  1.219709E-02  3.666905E-02  5.651211E-02  9.369549E-03  4.288173E-05
 2.510000E+02  3.901645E-04  6.116946E-05  2.520646E-05  8.467855E-01  1.153205E-02  1.000594E-03  2.507037E-02  5.611745E-04  1.221710E-02  3.665396E-02  5.632586E-02  9.334060E-03  4.275423E-05
 2.512500E+02  3.945036E-04  6.218026E-05  2.551894E-05  8.469093E-01  1.156391E-02  9.990714E-04  2.512277E-02  5.654120E-04  1.223702E-02  3.663870E-02  5.614030E-02  9.298660E-03  4.262685E-05
 2.515000E+02  3.988823E-04  6.320576E-05  2.583465E-05  8.470327E-01  1.159571E-02  9.975419E-04  2.517503E-02  5.696702E-04  1.225687E-02  3.662328E-02  5.595541E-02  9.263351E-03  4.249959E-05
 2.517500E+02  4.033008E-04  6.424615E-05  2.615365E-05  8.471557E-01  1.162746E-02  9.960056E-04  2.522713E-02  5.739490E-04  1.227664E-02  3.660769E-02  5.577121E-02  9.228132E-03  4.237246E-05
 2.520000E+02  4.077595E-04  6.530162E-05  2.647594E-05  8.472783E-01  1.165916E-02  9.944628E-04  2.527907E-02  5.782485E-04  1.229633E-02  3.659194E-02  5.558769E-02  9.193005E-03  4.224546E-05
 2.522500E+02  4.122586E-04  6.637234E-05  2.680155E-05  8.474005E-01  1.169080E-02  9.929134E-04  2.533087E-02  5.825687E-04  1.231594E-02  3.657603E-02  5.540485E-02  9.157968E-03  4.211859E-05
 2.525000E+02  4.167984E-04  6.745852E-05  2.713052E-05  8.475223E-01  1.172238E-02  9.913577E-04  2.538252E-02  5.869096E-04  1.233548E-02  3.655996E-02  5.522268E-02  9.123024E-03  4.199186E-05
 2.527500E+02  4.213791E-04  6.856033E-05  2.746287E-05  8.476437E-01  1.175391E-02  9.897956E-04  2.543402E-02  5.912713E-04  1.235493E-02  3.654372E-02  5.504119E-02  9.088171E-03  4.186526E-05
 2.530000E+02  4.260011E-04  6.967798E-05  2.779863E-05  8.477647E-01  1.178539E-02  9.882274E-04  2.548536E-02  5.956537E-04  1.237431E-02  3.652733E-02  5.486037E-02  9.053412E-03  4.173881E-05
 2.532500E+02  4.306646E-04  7.081165E-05  2.813782E-05  8.478853E-01  1.181680E-02  9.866530E-04  2.553655E-02  6.000570E-04  1.239362E-02  3.651079E-02  5.468021E-02  9.018745E-03  4.161251E-05
 2.535000E+02  4.353699E-04  7.196155E-05  2.848048E-05  8.480056E-01  1.184816E-02  9.850727E-04  2.558759E-02  6.044811E-04  1.241284E-02  3.649409E-02  5.450073E-02  8.984173E-03  4.148635E-05
 2.537500E+02  4.401172E-04  7.312786E-05  2.882663E-05  8.481254E-01  1.187947E-02  9.834865E-04  2.563848E-02  6.089261E-04  1.243199E-02  3.647723E-02  5.432191E-02  8.949693E-03  4.136035E-05
 2.540000E+02  4.449070E-04  7.431080E-05  2.917629E-05  8.482448E-01  1.191071E-02  9.818944E-04  2.568922E-02  6.133920E-04  1.245106E-02  3.646023E-02  5.414375E-02  8.915309E-03  4.123450E-05
 2.542500E+02  4.497393E-04  7.551056E-05  2.952950E-05  8.483638E-01  1.194190E-02  9.802967E-04  2.573981E-02  6.178788E-04  1.247005E-02  3.644307E-02  5.396626E-02  8.881019E-03  4.110881E-05
 2.545000E+02  4.546146E-04  7.672735E-05  2.988629E-05  8.484825E-01  1.197304E-02  9.786933E-04  2.579024E-02  6.223865E-04  1.248896E-02  3.642576E-02  5.378942E-02  8.846823E-03  4.098328E-05
 2.547500E+02  4.595332E-04  7.796138E-05  3.024668E-05  8.486007E-01  1.200411E-02  9.770845E-04  2.584052E-02  6.269152E-04  1.250780E-02  3.640830E-02  5.361324E-02  8.812724E-03  4.085791E-05
 2.550000E+02  4.644952E-04  7.921284E-05  3.061070E-05  8.487185E-01  1.203513E-02  9.754702E-04  2.589065E-02  6.314649E-04  1.252656E-02  3.639070E-02  5.343772E-02  8.778719E-03  4.073271E-05
 2.552500E+02  4.695011E-04  8.048196E-05  3.097838E-05  8.488360E-01  1.206609E-02  9.738505E-04  2.594063E-02  6.360356E-04  1.254525E-02  3.637295E-02  5.326285E-02  8.744811E-03  4.060769E-05
 2.555000E+02  4.745510E-04  8.176895E-05  3.134976E-05  8.489530E-01  1.209699E-02  9.722257E-04  2.599045E-02  6.406274E-04  1.256385E-02  3.635505E-02  5.308863E-02  8.711000E-03  4.048283E-05
 2.557500E+02  4.796454E-04  8.307401E-05  3.172485E-05  8.490697E-01  1.212783E-02  9.705957E-04  2.604013E-02  6.452402E-04  1.258238E-02  3.633701E-02  5.291506E-02  8.677284E-03  4.035815E-05
 2.560000E+02  4.847844E-04  8.439737E-05  3.210369E-05  8.491859E-01  1.215862E-02  9.689607E-04  2.608965E-02  6.498741E-04  1.260084E-02  3.631883E-02  5.274214E-02  8.643666E-03  4.023365E-05
 2.562500E+02  4.899683E-04  8.573925E-05  3.248630E-05  8.493018E-01  1.218934E-02  9.673207E-04  2.613902E-02  6.545291E-04  1.261921E-02  3.630051E-02  5.256986E-02  8.610145E-03  4.010934E-05
 2.565000E+02  4.951976E-04  8.709986E-05  3.287272E-05  8.494172E-01  1.222000E-02  9.656758E-04  2.618823E-02  6.592053E-04  1.263751E-02  3.628205E-02  5.239822E-02  8.576722E-03  3.998520E-05
 2.567500E+02  5.004724E-04  8.847943E-05  3.326298E-05  8.495323E-01  1.225061E-02  9.640262E-04  2.623729E-02  6.639026E-04  1.265574E-02  3.626345E-02  5.222723E-02  8.543396E-03  3.986126E-05
 2.570000E+02  5.057930E-04  8.987818E-05  3.365711E-05  8.496469E-01  1.228116E-02  9.623719E-04  2.628620E-02  6.686211E-04  1.267389E-02  3.624471E-02  5.205687E-02  8.510168E-03  3.973750E-05
 2.572500E+02  5.111598E-04  9.129635E-05  3.405513E-05  8.497612E-01  1.231164E-02  9.607130E-04  2.633496E-02  6.733608E-04  1.269196E-02  3.622584E-02  5.188715E-02  8.477039E-03  3.961393E-05
 2.575000E+02  5.165731E-04  9.273415E-05  3.445707E-05  8.498751E-01  1.234207E-02  9.590496E-04  2.638357E-02  6.781218E-04  1.270995E-02  3.620683E-02  5.171807E-02  8.444008E-03  3.949056E-05
 2.577500E+02  5.220331E-04  9.419183E-05  3.486298E-05  8.499886E-01  1.237244E-02  9.573817E-04  2.643202E-02  6.829040E-04  1.272787E-02  3.618769E-02  5.154962E-02  8.411076E-03  3.936739E-05
 2.580000E+02  5.275402E-04  9.566961E-05  3.527287E-05  8.501016E-01  1.240274E-02  9.557096E-04  2.648032E-02  6.877075E-04  1.274571E-02  3.616841E-02  5.138180E-02  8.378243E-03  3.924441E-05
 2.582500E+02  5.330947E-04  9.716774E-05  3.568677E-05  8.502143E-01  1.243299E-02  9.540332E-04  2.652847E-02  6.925322E-04  1.276348E-02  3.614901E-02  5.121460E-02  8.345509E-03  3.912164E-05
 2.585000E+02  5.386968E-04  9.868645E-05  3.610473E-05  8.503266E-01  1.246317E-02  9.523527E-04  2.657646E-02  6.973783E-04  1.278117E-02  3.612947E-02  5.104804E-02  8.312875E-03  3.899907E-05
 2.587500E+02  5.443469E-04  1.002260E-04  3.652676E-05  8.504385E-01  1.249330E-02  9.506681E-04  2.662431E-02  7.022458E-04  1.279879E-02  3.610981E-02  5.088210E-02  8.280341E-03  3.887671E-05
 2.590000E+02  5.500453E-04  1.017866E-04  3.695291E-05  8.505500E-01  1.252336E-02  9.489795E-04  2.667200E-02  7.071346E-04  1.281633E-02  3.609001E-02  5.071678E-02  8.247906E-03  3.875456E-05
 2.592500E+02  5.557923E-04  1.033685E-04  3.738319E-05  8.506611E-01  1.255336E-02  9.472870E-04  2.671954E-02  7.120447E-04  1.283380E-02  3.607010E-02  5.055208E-02  8.215571E-03  3.863262E-05
 2.595000E+02  5.615882E-04  1.049719E-04  3.781765E-05  8.507717E-01  1.258330E-02  9.455907E-04  2.676692E-02  7.169763E-04  1.285119E-02  3.605005E-02  5.038800E-02  8.183337E-03  3.851089E-05
 2.597500E+02  5.674333E-04  1.065972E-04  3.825632E-05  8.508820E-01  1.261318E-02  9.438907E-04  2.681415E-02  7.219293E-04  1.286850E-02  3.602989E-02  5.022454E-02  8.151203E-03  3.838938E-05
 2.600000E+02  5.733279E-04  1.082445E-04  3.869922E-05  8.509919E-01  1.264300E-02  9.421871E-04  2.686123E-02  7.269038E-04  1.288575E-02  3.600960E-02  5.006169E-02  8.119170E-03  3.826808E-05
 2.602500E+02  5.792724E-04  1.099141E-04  3.914638E-05  8.511014E-01  1.267275E-02  9.404799E-04  2.690816E-02  7.318997E-04  1.290291E-02  3.598918E-02  4.989945E-02  8.087237E-03  3.814701E-05
 2.605000E+02  5.852670E-04  1.116064E-04  3.959785E-05  8.512106E-01  1.270244E-02  9.387692E-04  2.695494E-02  7.369172E-04  1.292000E-02  3.596865E-02  4.973782E-02  8.055406E-03  3.802616E-05
 2.607500E+02  5.913121E-04  1.133214E-04  4.005365E-05  8.513193E-01  1.273207E-02  9.370551E-04  2.700156E-02  7.419561E-04  1.293702E-02  3.594800E-02  4.957680E-02  8.023675E-03  3.790553E-05
 2.610000E+02  5.974079E-04  1.150595E-04  4.051381E-05  8.514276E-01  1.276164E-02  9.353377E-04  2.704803E-02  7.470166E-04  1.295396E-02  3.592723E-02  4.941639E-02  7.992046E-03  3.778513E-05
 2.612500E+02  6.035549E-04  1.168210E-04  4.097837E-05  8.515355E-01  1.279115E-02  9.336171E-04  2.709435E-02  7.520986E-04  1.297083E-02  3.590634E-02  4.925658E-02  7.960518E-03  3.766496E-05
 2.615000E+02  6.097532E-04  1.186061E-04  4.144736E-05  8.516430E-01  1.282059E-02  9.318933E-04  2.714052E-02  7.572021E-04  1.298763E-02  3.588534E-02  4.909738E-02  7.929091E-03  3.754501E-05
 2.617500E+02  6.160034E-04  1.204151E-04  4.192081E-05  8.517501E-01  1.284997E-02  9.301664E-04  2.718654E-02  7.623273E-04  1.300435E-02  3.586422E-02  4.893877E-02  7.897766E-03  3.742530E-05
 2.620000E+02  6.223055E-04  1.222482E-04  4.239876E-05  8.518568E-01  1.287929E-02  9.284366E-04  2.723240E-02  7.674741E-04  1.302099E-02  3.584299E-02  4.878076E-02  7.866543E-03  3.730583E-05
 2.622500E+02  6.286601E-04  1.241058E-04  4.288124E-05  8.519632E-01  1.290854E-02  9.267038E-04  2.727812E-02  7.726425E-04  1.303757E-02  3.582165E-02  4.862335E-02  7.835421E-03  3.718659E-05
 2.625000E+02  6.350673E-04  1.259881E-04  4.336828E-05  8.520691E-01  1.293774E-02  9.249682E-04  2.732368E-02  7.778325E-04  1.305407E-02  3.580020E-02  4.846653E-02  7.804402E-03  3.706759E-05
 2.627500E+02  6.415276E-04  1.278954E-04  4.385991E-05  8.521746E-01  1.296686E-02  9.232298E-04  2.736909E-02  7.830443E-04  1.307049E-02  3.577863E-02  4.831031E-02  7.773484E-03  3.694883E-05
 2.630000E+02  6.480413E-04  1.298280E-04  4.435617E-05  8.522798E-01  1.299593E-02  9.214887E-04  2.741434E-02  7.882776E-04  1.308685E-02  3.575696E-02  4.815467E-02  7.742669E-03  3.683030E-05
 2.632500E+02  6.546086E-04  1.317861E-04  4.485710E-05  8.523845E-01  1.302493E-02  9.197450E-04  2.745945E-02  7.935327E-04  1.310313E-02  3.573517E-02  4.799963E-02  7.711955E-03  3.671203E-05
 2.635000E+02  6.612300E-04  1.337701E-04  4.536272E-05  8.524888E-01  1.305387E-02  9.179988E-04  2.750441E-02  7.988096E-04  1.311934E-02  3.571329E-02  4.784517E-02  7.681344E-03  3.659399E-05
 2.637500E+02  6.679056E-04  1.357802E-04  4.587308E-05  8.525928E-01  1.308274E-02  9.162501E-04  2.754921E-02  8.041081E-04  1.313547E-02  3.569129E-02  4.769129E-02  7.650835E-03  3.647621E-05
 2.640000E+02  6.746360E-04  1.378167E-04  4.638820E-05  8.526963E-01  1.311155E-02  9.144991E-04  2.759387E-02  8.094284E-04  1.315153E-02  3.566919E-02  4.753799E-02  7.620428E-03  3.635867E-05
 2.642500E+02  6.814214E-04  1.398799E-04  4.690812E-05  8.527995E-01  1.314030E-02  9.127457E-04  2.763837E-02  8.147705E-04  1.316752E-02  3.564699E-02  4.738528E-02  7.590124E-03  3.624138E-05
 2.645000E+02  6.882621E-04  1.419702E-04  4.743287E-05  8.529022E-01  1.316898E-02  9.109901E-04  2.768272E-02  8.201344E-04  1.318344E-02  3.562468E-02  4.723314E-02  7.559922E-03  3.612435E-05
 2.647500E+02  6.951584E-04  1.440878E-04  4.796249E-05  8.530045E-01  1.319760E-02  9.092323E-04  2.772692E-02  8.255201E-04  1.319929E-02  3.560228E-02  4.708158E-02  7.529823E-03  3.600756E-05
 2.650000E+02  7.021108E-04  1.462330E-04  4.849702E-05  8.531065E-01  1.322615E-02  9.074724E-04  2.777098E-02  8.309276E-04  1.321506E-02  3.557977E-02  4.693059E-02  7.499826E-03  3.589103E-05
 2.652500E+02  7.091195E-04  1.484061E-04  4.903648E-05  8.532080E-01  1.325464E-02  9.057104E-04  2.781488E-02  8.363569E-04  1.323076E-02  3.555716E-02  4.678018E-02  7.469932E-03  3.577476E-05
 2.655000E+02  7.161849E-04  1.506074E-04  4.958093E-05  8.533092E-01  1.328307E-02  9.039465E-04  2.785863E-02  8.418081E-04  1.324639E-02  3.553446E-02  4.663033E-02  7.440140E-03  3.565874E-05
 2.657500E+02  7.233073E-04  1.528373E-04  5.013038E-05  8.534099E-01  1.331143E-02  9.021808E-04  2.790223E-02  8.472812E-04  1.326195E-02  3.551166E-02  4.648106E-02  7.410451E-03  3.554298E-05
 2.660000E+02  7.304871E-04  1.550960E-04  5.068487E-05  8.535103E-01  1.333973E-02  9.004132E-04  2.794568E-02  8.527762E-04  1.327744E-02  3.548876E-02  4.633234E-02  7.380864E-03  3.542749E-05
 2.662500E+02  7.377246E-04  1.573839E-04  5.124445E-05  8.536103E-01  1.336796E-02  8.986438E-04  2.798898E-02  8.582931E-04  1.329285E-02  3.546576E-02  4.618420E-02  7.351380E-03  3.531225E-05
 2.665000E+02  7.450201E-04  1.597013E-04  5.180915E-05  8.537098E-01  1.339612E-02  8.968728E-04  2.803214E-02  8.638319E-04  1.330820E-02  3.544268E-02  4.603661E-02  7.321999E-03  3.519728E-05
 2.667500E+02  7.523740E-04  1.620485E-04  5.237900E-05  8.538090E-01  1.342423E-02  8.951001E-04  2.807514E-02  8.693926E-04  1.332347E-02  3.541950E-02  4.588959E-02  7.292720E-03  3.508257E-05
 2.670000E+02  7.597866E-04  1.644259E-04  5.295404E-05  8.539077E-01  1.345226E-02  8.933260E-04  2.811800E-02  8.749753E-04  1.333868E-02  3.539622E-02  4.574312E-02  7.263543E-03  3.496812E-05
 2.672500E+02  7.672584E-04  1.668337E-04  5.353430E-05  8.540061E-01  1.348024E-02  8.915503E-04  2.816070E-02  8.805800E-04  1.335381E-02  3.537286E-02  4.559721E-02  7.234469E-03  3.485395E-05
 2.675000E+02  7.747895E-04  1.692723E-04  5.411983E-05  8.541041E-01  1.350815E-02  8.897732E-04  2.820326E-02  8.862066E-04  1.336887E-02  3.534941E-02  4.545186E-02  7.205498E-03  3.474004E-05
 2.677500E+02  7.823804E-04  1.717420E-04  5.471066E-05  8.542016E-01  1.353599E-02  8.879947E-04  2.824567E-02  8.918553E-04  1.338387E-02  3.532586E-02  4.530705E-02  7.176629E-03  3.462640E-05
 2.680000E+02  7.900315E-04  1.742431E-04  5.530683E-05  8.542988E-01  1.356377E-02  8.862150E-04  2.828793E-02  8.975260E-04  1.339879E-02  3.530223E-02  4.516280E-02  7.147862E-03  3.451303E-05
 2.682500E+02  7.977430E-04  1.767761E-04  5.590837E-05  8.543956E-01  1.359148E-02  8.844340E-04  2.833004E-02  9.032187E-04  1.341364E-02  3.527851E-02  4.501909E-02  7.119198E-03  3.439993E-05
 2.685000E+02  8.055153E-04  1.793412E-04  5.651532E-05  8.544919E-01  1.361913E-02  8.826519E-04  2.837201E-02  9.089334E-04  1.342843E-02  3.525471E-02  4.487594E-02  7.090636E-03  3.428711E-05
 2.687500E+02  8.133488E-04  1.819388E-04  5.712772E-05  8.545879E-01  1.364671E-02  8.808687E-04  2.841382E-02  9.146702E-04  1.344314E-02  3.523082E-02  4.473332E-02  7.062177E-03  3.417455E-05
 2.690000E+02  8.212439E-04  1.845693E-04  5.774560E-05  8.546834E-01  1.367422E-02  8.790845E-04  2.845549E-02  9.204291E-04  1.345779E-02  3.520685E-02  4.459125E-02  7.033820E-03  3.406228E-05
 2.692500E+02  8.292008E-04  1.872329E-04  5.836901E-05  8.547786E-01  1.370168E-02  8.772992E-04  2.849701E-02  9.262100E-04  1.347236E-02  3.518279E-02  4.444972E-02  7.005565E-03  3.395027E-05
 2.695000E+02  8.372200E-04  1.899300E-04  5.899799E-05  8.548734E-01  1.372906E-02  8.755131E-04  2.853839E-02  9.320131E-04  1.348687E-02  3.515865E-02  4.430873E-02  6.977412E-03  3.383855E-05
 2.697500E+02  8.453018E-04  1.926611E-04  5.963256E-05  8.549677E-01  1.375638E-02  8.737261E-04  2.857962E-02  9.378383E-04  1.350131E-02  3.513443E-02  4.416827E-02  6.949361E-03  3.372710E-05
 2.700000E+02  8.534465E-04  1.954263E-04  6.027277E-05  8.550617E-01  1.378364E-02  8.719383E-04  2.862070E-02  9.436856E-04  1.351568E-02  3.511013E-02  4.402835E-02  6.921412E-03  3.361593E-05
 2.702500E+02  8.616546E-04  1.982262E-04  6.091866E-05  8.551553E-01  1.381083E-02  8.701498E-04  2.866163E-02  9.495551E-04  1.352998E-02  3.508575E-02  4.388896E-02  6.893565E-03  3.350504E-05
 2.705000E+02  8.699263E-04  2.010611E-04  6.157026E-05  8.552484E-01  1.383795E-02  8.683606E-04  2.870242E-02  9.554467E-04  1.354422E-02  3.506129E-02  4.375010E-02  6.865820E-03  3.339443E-05
 2.707500E+02  8.782621E-04  2.039314E-04  6.222762E-05  8.553412E-01  1.386501E-02  8.665708E-04  2.874307E-02  9.613605E-04  1.355838E-02  3.503676E-02  4.361177E-02  6.838176E-03  3.328411E-05
 2.710000E+02  8.866623E-04  2.068373E-04  6.289077E-05  8.554336E-01  1.389200E-02  8.647805E-04  2.878356E-02  9.672964E-04  1.357248E-02  3.501215E-02  4.347397E-02  6.810634E-03  3.317406E-05
 2.712500E+02  8.951273E-04  2.097794E-04  6.355976E-05  8.555255E-01  1.391893E-02  8.629896E-04  2.882392E-02  9.732546E-04  1.358651E-02  3.498746E-02  4.333669E-02  6.783194E-03  3.306430E-05
 2.715000E+02  9.036574E-04  2.127579E-04  6.423461E-05  8.556171E-01  1.394579E-02  8.611983E-04  2.886412E-02  9.792349E-04  1.360048E-02  3.496270E-02  4.319994E-02  6.755855E-03  3.295482E-05
 2.717500E+02  9.122530E-04  2.157732E-04  6.491538E-05  8.557082E-01  1.397259E-02  8.594066E-04  2.890419E-02  9.852375E-04  1.361437E-02  3.493786E-02  4.306370E-02  6.728617E-03  3.284563E-05
 2.720000E+02  9.209145E-04  2.188258E-04  6.560210E-05  8.557990E-01  1.399932E-02  8.576146E-04  2.894410E-02  9.912623E-04  1.362820E-02  3.491295E-02  4.292799E-02  6.701481E-03  3.273672E-05
 2.722500E+02  9.296423E-04  2.219161E-04  6.629481E-05  8.558894E-01  1.402599E-02  8.558223E-04  2.898388E-02  9.973094E-04  1.364196E-02  3.488797E-02  4.279279E-02  6.674446E-03  3.262809E-05
 2.725000E+02  9.384366E-04  2.250443E-04  6.699356E-05  8.559793E-01  1.405258E-02  8.540297E-04  2.902350E-02  1.003379E-03  1.365566E-02  3.486292E-02  4.265811E-02  6.647512E-03  3.251976E-05
 2.727500E+02  9.472980E-04  2.282110E-04  6.769837E-05  8.560689E-01  1.407912E-02  8.522370E-04  2.906299E-02  1.009470E-03  1.366929E-02  3.483780E-02  4.252395E-02  6.620678E-03  3.241171E-05
 2.730000E+02  9.562267E-04  2.314164E-04  6.840929E-05  8.561580E-01  1.410559E-02  8.504442E-04  2.910233E-02  1.015584E-03  1.368285E-02  3.481261E-02  4.239029E-02  6.593945E-03  3.230395E-05
 2.732500E+02  9.652231E-04  2.346611E-04  6.912637E-05  8.562468E-01  1.413199E-02  8.486513E-04  2.914153E-02  1.021720E-03  1.369635E-02  3.478735E-02  4.225714E-02  6.567313E-03  3.219648E-05
 2.735000E+02  9.742877E-04  2.379454E-04  6.984964E-05  8.563351E-01  1.415833E-02  8.468584E-04  2.918058E-02  1.027879E-03  1.370978E-02  3.476202E-02  4.212451E-02  6.540782E-03  3.208929E-05
 2.737500E+02  9.834207E-04  2.412697E-04  7.057914E-05  8.564230E-01  1.418460E-02  8.450656E-04  2.921949E-02  1.034060E-03  1.372314E-02  3.473663E-02  4.199237E-02  6.514351E-03  3.198240E-05
 2.740000E+02  9.926226E-04  2.446344E-04  7.131492E-05  8.565106E-01  1.421080E-02  8.432728E-04  2.925826E-02  1.040263E-03  1.373644E-02  3.471117E-02  4.186074E-02  6.488020E-03  3.187580E-05
 2.742500E+02  1.001894E-03  2.480400E-04  7.205702E-05  8.565977E-01  1.423694E-02  8.414802E-04  2.929689E-02  1.046488E-03  1.374968E-02  3.468564E-02  4.172962E-02  6.461789E-03  3.176949E-05
 2.745000E+02  1.011235E-03  2.514868E-04  7.280547E-05  8.566844E-01  1.426302E-02  8.396878E-04  2.933537E-02  1.052736E-03  1.376285E-02  3.466005E-02  4.159899E-02  6.435657E-03  3.166347E-05
 2.747500E+02  1.020645E-03  2.549753E-04  7.356032E-05  8.567708E-01  1.428902E-02  8.378956E-04  2.937372E-02  1.059006E-03  1.377595E-02  3.463440E-02  4.146886E-02  6.409626E-03  3.155774E-05
 2.750000E+02  1.030127E-03  2.585059E-04  7.432161E-05  8.568567E-01  1.431497E-02  8.361037E-04  2.941192E-02  1.065298E-03  1.378899E-02  3.460869E-02  4.133923E-02  6.383694E-03  3.145231E-05
 2.752500E+02  1.039678E-03  2.620790E-04  7.508939E-05  8.569422E-01  1.434084E-02  8.343121E-04  2.944998E-02  1.071613E-03  1.380196E-02  3.458291E-02  4.121010E-02  6.357862E-03  3.134716E-05
 2.755000E+02  1.049302E-03  2.656951E-04  7.586369E-05  8.570273E-01  1.436666E-02  8.325209E-04  2.948790E-02  1.077951E-03  1.381488E-02  3.455707E-02  4.108145E-02  6.332129E-03  3.124232E-05
 2.757500E+02  1.058996E-03  2.693546E-04  7.664456E-05  8.571121E-01  1.439240E-02  8.307302E-04  2.952567E-02  1.084310E-03  1.382772E-02  3.453118E-02  4.095330E-02  6.306495E-03  3.113776E-05
 2.760000E+02  1.068763E-03  2.730579E-04  7.743203E-05  8.571964E-01  1.441808E-02  8.289399E-04  2.956331E-02  1.090692E-03  1.384050E-02  3.450522E-02  4.082564E-02  6.280960E-03  3.103350E-05
 2.762500E+02  1.078602E-03  2.768055E-04  7.822616E-05  8.572803E-01  1.444370E-02  8.271502E-04  2.960081E-02  1.097097E-03  1.385322E-02  3.447921E-02  4.069846E-02  6.255524E-03  3.092954E-05
 2.765000E+02  1.088513E-03  2.805978E-04  7.902698E-05  8.573638E-01  1.446925E-02  8.253611E-04  2.963817E-02  1.103524E-03  1.386588E-02  3.445314E-02  4.057177E-02  6.230186E-03  3.082587E-05
 2.767500E+02  1.098498E-03  2.844353E-04  7.983454E-05  8.574469E-01  1.449473E-02  8.235725E-04  2.967539E-02  1.109973E-03  1.387847E-02  3.442701E-02  4.044556E-02  6.204947E-03  3.072249E-05
 2.770000E+02  1.108556E-03  2.883184E-04  8.064888E-05  8.575296E-01  1.452015E-02  8.217846E-04  2.971246E-02  1.116445E-03  1.389100E-02  3.440082E-02  4.031983E-02  6.179806E-03  3.061941E-05
 2.772500E+02  1.118688E-03  2.922475E-04  8.147005E-05  8.576118E-01  1.454550E-02  8.199975E-04  2.974940E-02  1.122939E-03  1.390346E-02  3.437458E-02  4.019459E-02  6.154763E-03  3.051663E-05
 2.775000E+02  1.128895E-03  2.962232E-04  8.229808E-05  8.576937E-01  1.457079E-02  8.182111E-04  2.978621E-02  1.129456E-03  1.391587E-02  3.434829E-02  4.006982E-02  6.129819E-03  3.041414E-05
 2.777500E+02  1.139176E-03  3.002459E-04  8.313303E-05  8.577752E-01  1.459601E-02  8.164254E-04  2.982287E-02  1.135995E-03  1.392821E-02  3.432194E-02  3.994553E-02  6.104971E-03  3.031195E-05
 2.780000E+02  1.149532E-03  3.043161E-04  8.397493E-05  8.578562E-01  1.462117E-02  8.146406E-04  2.985939E-02  1.142557E-03  1.394049E-02  3.429554E-02  3.982171E-02  6.080221E-03  3.021006E-05
 2.782500E+02  1.159963E-03  3.084341E-04  8.482383E-05  8.579369E-01  1.464626E-02  8.128567E-04  2.989578E-02  1.149141E-03  1.395270E-02  3.426909E-02  3.969837E-02  6.055569E-03  3.010847E-05
 2.785000E+02  1.170471E-03  3.126006E-04  8.567977E-05  8.580172E-01  1.467129E-02  8.110738E-04  2.993203E-02  1.155747E-03  1.396485E-02  3.424258E-02  3.957549E-02  6.031014E-03  3.000717E-05
 2.787500E+02  1.181054E-03  3.168159E-04  8.654280E-05  8.580970E-01  1.469625E-02  8.092918E-04  2.996815E-02  1.162376E-03  1.397695E-02  3.421603E-02  3.945309E-02  6.006555E-03  2.990617E-05
 2.790000E+02  1.191715E-03  3.210806E-04  8.741297E-05  8.581764E-01  1.472114E-02  8.075107E-04  3.000412E-02  1.169028E-03  1.398898E-02  3.418943E-02  3.933115E-02  5.982193E-03  2.980546E-05
 2.792500E+02  1.202452E-03  3.253952E-04  8.829030E-05  8.582555E-01  1.474597E-02  8.057308E-04  3.003996E-02  1.175702E-03  1.400095E-02  3.416277E-02  3.920967E-02  5.957928E-03  2.970506E-05
 2.795000E+02  1.213267E-03  3.297601E-04  8.917487E-05  8.583341E-01  1.477074E-02  8.039519E-04  3.007567E-02  1.182399E-03  1.401285E-02  3.413607E-02  3.908866E-02  5.933759E-03  2.960495E-05
 2.797500E+02  1.224160E-03  3.341758E-04  9.006669E-05  8.584123E-01  1.479544E-02  8.021741E-04  3.011123E-02  1.189118E-03  1.402470E-02  3.410932E-02  3.896812E-02  5.909686E-03  2.950514E-05
 2.800000E+02  1.235131E-03  3.386428E-04  9.096583E-05  8.584901E-01  1.482007E-02  8.003976E-04  3.014667E-02  1.195860E-03  1.403649E-02  3.408252E-02  3.884803E-02  5.885709E-03  2.940563E-05
 2.802500E+02  1.246181E-03  3.431616E-04  9.187233E-05  8.585675E-01  1.484465E-02  7.986222E-04  3.018196E-02  1.202624E-03  1.404821E-02  3.405568E-02  3.872840E-02  5.861828E-03  2.930642E-05
 2.805000E+02  1.257310E-03  3.477328E-04  9.278623E-05  8.586445E-01  1.486915E-02  7.968480E-04  3.021713E-02  1.209411E-03  1.405988E-02  3.402880E-02  3.860922E-02  5.838042E-03  2.920751E-05
 2.807500E+02  1.268518E-03  3.523568E-04  9.370758E-05  8.587211E-01  1.489359E-02  7.950752E-04  3.025215E-02  1.216221E-03  1.407148E-02  3.400186E-02  3.849051E-02  5.814351E-03  2.910889E-05
 2.810000E+02  1.279806E-03  3.570341E-04  9.463643E-05  8.587972E-01  1.491797E-02  7.933036E-04  3.028705E-02  1.223053E-03  1.408303E-02  3.397489E-02  3.837224E-02  5.790756E-03  2.901057E-05
 2.812500E+02  1.291175E-03  3.617653E-04  9.557281E-05  8.588730E-01  1.494228E-02  7.915334E-04  3.032181E-02  1.229907E-03  1.409451E-02  3.394787E-02  3.825442E-02  5.767255E-03  2.891256E-05
 2.815000E+02  1.302625E-03  3.665509E-04  9.651678E-05  8.589483E-01  1.496653E-02  7.897646E-04  3.035643E-02  1.236785E-03  1.410594E-02  3.392080E-02  3.813706E-02  5.743848E-03  2.881484E-05
 2.817500E+02  1.314155E-03  3.713914E-04  9.746839E-05  8.590233E-01  1.499071E-02  7.879972E-04  3.039093E-02  1.243684E-03  1.411730E-02  3.389370E-02  3.802014E-02  5.720536E-03  2.871742E-05
 2.820000E+02  1.325767E-03  3.762872E-04  9.842767E-05  8.590978E-01  1.501483E-02  7.862313E-04  3.042529E-02  1.250607E-03  1.412861E-02  3.386655E-02  3.790366E-02  5.697318E-03  2.862029E-05
 2.822500E+02  1.337461E-03  3.812391E-04  9.939468E-05  8.591719E-01  1.503888E-02  7.844669E-04  3.045951E-02  1.257552E-03  1.413986E-02  3.383937E-02  3.778764E-02  5.674194E-03  2.852347E-05
 2.825000E+02  1.349238E-03  3.862474E-04  1.003695E-04  8.592456E-01  1.506287E-02  7.827040E-04  3.049361E-02  1.264519E-03  1.415104E-02  3.381214E-02  3.767205E-02  5.651164E-03  2.842695E-05
 2.827500E+02  1.361097E-03  3.913128E-04  1.013521E-04  8.593189E-01  1.508679E-02  7.809427E-04  3.052757E-02  1.271509E-03  1.416217E-02  3.378488E-02  3.755690E-02  5.628227E-03  2.833072E-05
 2.830000E+02  1.373040E-03  3.964357E-04  1.023426E-04  8.593918E-01  1.511065E-02  7.791829E-04  3.056140E-02  1.278522E-03  1.417325E-02  3.375757E-02  3.744219E-02  5.605383E-03  2.823479E-05
 2.832500E+02  1.385066E-03  4.016168E-04  1.033409E-04  8.594643E-01  1.513445E-02  7.774248E-04  3.059510E-02  1.285558E-03  1.418426E-02  3.373023E-02  3.732792E-02  5.582632E-03  2.813916E-05
 2.835000E+02  1.397177E-03  4.068565E-04  1.043473E-04  8.595363E-01  1.515818E-02  7.756684E-04  3.062867E-02  1.292616E-03  1.419521E-02  3.370285E-02  3.721409E-02  5.559974E-03  2.804383E-05
 2.837500E+02  1.409372E-03  4.121554E-04  1.053617E-04  8.596079E-01  1.518185E-02  7.739137E-04  3.066211E-02  1.299697E-03  1.420611E-02  3.367544E-02  3.710069E-02  5.537408E-03  2.794880E-05
 2.840000E+02  1.421651E-03  4.175141E-04  1.063841E-04  8.596792E-01  1.520545E-02  7.721607E-04  3.069542E-02  1.306800E-03  1.421695E-02  3.364799E-02  3.698772E-02  5.514934E-03  2.785407E-05
 2.842500E+02  1.434017E-03  4.229332E-04  1.074146E-04  8.597500E-01  1.522899E-02  7.704094E-04  3.072860E-02  1.313926E-03  1.422773E-02  3.362050E-02  3.687517E-02  5.492553E-03  2.775963E-05
 2.845000E+02  1.446468E-03  4.284132E-04  1.084533E-04  8.598204E-01  1.525247E-02  7.686600E-04  3.076165E-02  1.321075E-03  1.423846E-02  3.359298E-02  3.676306E-02  5.470263E-03  2.766549E-05
 2.847500E+02  1.459005E-03  4.339547E-04  1.095002E-04  8.598904E-01  1.527588E-02  7.669123E-04  3.079457E-02  1.328246E-03  1.424913E-02  3.356542E-02  3.665138E-02  5.448064E-03  2.757165E-05
 2.850000E+02  1.471629E-03  4.395582E-04  1.105554E-04  8.599599E-01  1.529923E-02  7.651666E-04  3.082736E-02  1.335440E-03  1.425974E-02  3.353783E-02  3.654012E-02  5.425957E-03  2.747811E-05
 2.852500E+02  1.484340E-03  4.452244E-04  1.116188E-04  8.600291E-01  1.532252E-02  7.634227E-04  3.086003E-02  1.342657E-03  1.427029E-02  3.351021E-02  3.642928E-02  5.403940E-03  2.738486E-05
 2.855000E+02  1.497139E-03  4.509538E-04  1.126906E-04  8.600978E-01  1.534574E-02  7.616807E-04  3.089256E-02  1.349896E-03  1.428079E-02  3.348256E-02  3.631886E-02  5.382015E-03  2.729191E-05
 2.857500E+02  1.510025E-03  4.567470E-04  1.137708E-04  8.601661E-01  1.536890E-02  7.599406E-04  3.092497E-02  1.357158E-03  1.429123E-02  3.345487E-02  3.620887E-02  5.360179E-03  2.719926E-05
 2.860000E+02  1.523000E-03  4.626046E-04  1.148595E-04  8.602340E-01  1.539199E-02  7.582025E-04  3.095725E-02  1.364443E-03  1.430162E-02  3.342715E-02  3.609929E-02  5.338434E-03  2.710691E-05
 2.862500E+02  1.536064E-03  4.685273E-04  1.159566E-04  8.603015E-01  1.541503E-02  7.564665E-04  3.098940E-02  1.371750E-03  1.431195E-02  3.339941E-02  3.599013E-02  5.316779E-03  2.701485E-05
 2.865000E+02  1.549217E-03  4.745155E-04  1.170623E-04  8.603686E-01  1.543800E-02  7.547324E-04  3.102143E-02  1.379080E-03  1.432222E-02  3.337163E-02  3.588138E-02  5.295214E-03  2.692308E-05
 2.867500E+02  1.562459E-03  4.805700E-04  1.181766E-04  8.604352E-01  1.546090E-02  7.530004E-04  3.105333E-02  1.386433E-03  1.433244E-02  3.334382E-02  3.577305E-02  5.273738E-03  2.683162E-05
 2.870000E+02  1.575792E-03  4.866912E-04  1.192995E-04  8.605015E-01  1.548375E-02  7.512705E-04  3.108510E-02  1.393808E-03  1.434261E-02  3.331599E-02  3.566513E-02  5.252351E-03  2.674045E-05
 2.872500E+02  1.589215E-03  4.928799E-04  1.204312E-04  8.605673E-01  1.550653E-02  7.495427E-04  3.111675E-02  1.401206E-03  1.435271E-02  3.328813E-02  3.555762E-02  5.231053E-03  2.664957E-05
 2.875000E+02  1.602730E-03  4.991367E-04  1.215716E-04  8.606327E-01  1.552924E-02  7.478170E-04  3.114827E-02  1.408627E-03  1.436277E-02  3.326024E-02  3.545051E-02  5.209843E-03  2.655899E-05
 2.877500E+02  1.616336E-03  5.054622E-04  1.227208E-04  8.606977E-01  1.555190E-02  7.460935E-04  3.117967E-02  1.416071E-03  1.437277E-02  3.323232E-02  3.534382E-02  5.188722E-03  2.646870E-05
 2.880000E+02  1.630033E-03  5.118569E-04  1.238788E-04  8.607622E-01  1.557449E-02  7.443722E-04  3.121094E-02  1.423537E-03  1.438271E-02  3.320437E-02  3.523753E-02  5.167689E-03  2.637871E-05
 2.882500E+02  1.643824E-03  5.183216E-04  1.250458E-04  8.608263E-01  1.559702E-02  7.426530E-04  3.124209E-02  1.431026E-03  1.439260E-02  3.317640E-02  3.513164E-02  5.146744E-03  2.628902E-05
 2.885000E+02  1.657707E-03  5.248569E-04  1.262217E-04  8.608901E-01  1.561949E-02  7.409361E-04  3.127312E-02  1.438537E-03  1.440244E-02  3.314841E-02  3.502615E-02  5.125887E-03  2.619961E-05
 2.887500E+02  1.671683E-03  5.314634E-04  1.274066E-04  8.609533E-01  1.564190E-02  7.392215E-04  3.130402E-02  1.446072E-03  1.441222E-02  3.312039E-02  3.492106E-02  5.105116E-03  2.611050E-05
 2.890000E+02  1.685753E-03  5.381417E-04  1.286006E-04  8.610162E-01  1.566424E-02  7.375092E-04  3.133480E-02  1.453629E-03  1.442195E-02  3.309235E-02  3.481637E-02  5.084433E-03  2.602169E-05
 2.892500E+02  1.699917E-03  5.448926E-04  1.298037E-04  8.610787E-01  1.568652E-02  7.357991E-04  3.136545E-02  1.461209E-03  1.443162E-02  3.306428E-02  3.471208E-02  5.063837E-03  2.593316E-05
 2.895000E+02  1.714175E-03  5.517166E-04  1.310159E-04  8.611407E-01  1.570874E-02  7.340914E-04  3.139598E-02  1.468811E-03  1.444125E-02  3.303619E-02  3.460818E-02  5.043327E-03  2.584493E-05
 2.897500E+02  1.728529E-03  5.586145E-04  1.322374E-04  8.612023E-01  1.573090E-02  7.323861E-04  3.142640E-02  1.476436E-03  1.445081E-02  3.300807E-02  3.450468E-02  5.022903E-03  2.575699E-05
 2.900000E+02  1.742978E-03  5.655869E-04  1.334681E-04  8.612635E-01  1.575299E-02  7.306831E-04  3.145668E-02  1.484084E-03  1.446033E-02  3.297994E-02  3.440157E-02  5.002565E-03  2.566935E-05
 2.902500E+02  1.757523E-03  5.726344E-04  1.347081E-04  8.613242E-01  1.577503E-02  7.289825E-04  3.148685E-02  1.491755E-03  1.446979E-02  3.295178E-02  3.429884E-02  4.982313E-03  2.558199E-05
 2.905000E+02  1.772165E-03  5.797578E-04  1.359575E-04  8.613845E-01  1.579700E-02  7.272844E-04  3.151690E-02  1.499449E-03  1.447920E-02  3.292360E-02  3.419651E-02  4.962146E-03  2.549493E-05
 2.907500E+02  1.786903E-03  5.869577E-04  1.372163E-04  8.614444E-01  1.581891E-02  7.255887E-04  3.154682E-02  1.507165E-03  1.448856E-02  3.289541E-02  3.409457E-02  4.942064E-03  2.540815E-05
 2.910000E+02  1.801739E-03  5.942348E-04  1.384846E-04  8.615039E-01  1.584076E-02  7.238954E-04  3.157663E-02  1.514904E-03  1.449787E-02  3.286719E-02  3.399300E-02  4.922067E-03  2.532167E-05
 2.912500E+02  1.816672E-03  6.015897E-04  1.397625E-04  8.615630E-01  1.586255E-02  7.222047E-04  3.160632E-02  1.522665E-03  1.450712E-02  3.283895E-02  3.389183E-02  4.902155E-03  2.523547E-05
 2.915000E+02  1.831704E-03  6.090233E-04  1.410499E-04  8.616216E-01  1.588428E-02  7.205164E-04  3.163588E-02  1.530450E-03  1.451632E-02  3.281069E-02  3.379103E-02  4.882327E-03  2.514957E-05
 2.917500E+02  1.846834E-03  6.165361E-04  1.423469E-04  8.616798E-01  1.590595E-02  7.188307E-04  3.166533E-02  1.538257E-03  1.452547E-02  3.278242E-02  3.369062E-02  4.862583E-03  2.506395E-05
 2.920000E+02  1.862064E-03  6.241290E-04  1.436537E-04  8.617375E-01  1.592755E-02  7.171475E-04  3.169466E-02  1.546086E-03  1.453457E-02  3.275412E-02  3.359059E-02  4.842922E-03  2.497862E-05
 2.922500E+02  1.877393E-03  6.318025E-04  1.449702E-04  8.617949E-01  1.594910E-02  7.154669E-04  3.172386E-02  1.553939E-03  1.454362E-02  3.272581E-02  3.349093E-02  4.823345E-03  2.489358E-05
 2.925000E+02  1.892823E-03  6.395574E-04  1.462964E-04  8.618518E-01  1.597058E-02  7.137889E-04  3.175296E-02  1.561814E-03  1.455262E-02  3.269749E-02  3.339165E-02  4.803852E-03  2.480883E-05
 2.927500E+02  1.908352E-03  6.473944E-04  1.476326E-04  8.619082E-01  1.599201E-02  7.121134E-04  3.178193E-02  1.569712E-03  1.456156E-02  3.266914E-02  3.329274E-02  4.784441E-03  2.472436E-05
 2.930000E+02  1.923983E-03  6.553143E-04  1.489786E-04  8.619643E-01  1.601337E-02  7.104406E-04  3.181079E-02  1.577633E-03  1.457046E-02  3.264078E-02  3.319421E-02  4.765112E-03  2.464018E-05
 2.932500E+02  1.939716E-03  6.633177E-04  1.503346E-04  8.620199E-01  1.603467E-02  7.087705E-04  3.183952E-02  1.585577E-03  1.457930E-02  3.261240E-02  3.309604E-02  4.745866E-03  2.455628E-05
 2.935000E+02  1.955550E-03  6.714054E-04  1.517006E-04  8.620751E-01  1.605592E-02  7.071030E-04  3.186815E-02  1.593543E-03  1.458810E-02  3.258401E-02  3.299825E-02  4.726702E-03  2.447268E-05
 2.937500E+02  1.971487E-03  6.795782E-04  1.530767E-04  8.621298E-01  1.607710E-02  7.054381E-04  3.189665E-02  1.601532E-03  1.459684E-02  3.255561E-02  3.290083E-02  4.707620E-03  2.438935E-05
 2.940000E+02  1.987527E-03  6.878367E-04  1.544629E-04  8.621842E-01  1.609823E-02  7.037760E-04  3.192504E-02  1.609544E-03  1.460554E-02  3.252719E-02  3.280377E-02  4.688620E-03  2.430631E-05
 2.942500E+02  2.003670E-03  6.961817E-04  1.558593E-04  8.622381E-01  1.611929E-02  7.021166E-04  3.195332E-02  1.617578E-03  1.461418E-02  3.249875E-02  3.270708E-02  4.669700E-03  2.422355E-05
 2.945000E+02  2.019917E-03  7.046141E-04  1.572659E-04  8.622915E-01  1.614029E-02  7.004599E-04  3.198147E-02  1.625635E-03  1.462278E-02  3.247030E-02  3.261075E-02  4.650861E-03  2.414108E-05
 2.947500E+02  2.036269E-03  7.131344E-04  1.586828E-04  8.623445E-01  1.616124E-02  6.988059E-04  3.200952E-02  1.633715E-03  1.463132E-02  3.244184E-02  3.251478E-02  4.632103E-03  2.405889E-05
 2.950000E+02  2.052725E-03  7.217436E-04  1.601101E-04  8.623971E-01  1.618212E-02  6.971547E-04  3.203745E-02  1.641818E-03  1.463982E-02  3.241337E-02  3.241918E-02  4.613426E-03  2.397698E-05
 2.952500E+02  2.069286E-03  7.304423E-04  1.615478E-04  8.624493E-01  1.620295E-02  6.955063E-04  3.206526E-02  1.649943E-03  1.464827E-02  3.238488E-02  3.232393E-02  4.594828E-03  2.389536E-05
 2.955000E+02  2.085954E-03  7.392314E-04  1.629959E-04  8.625010E-01  1.622372E-02  6.938607E-04  3.209297E-02  1.658091E-03  1.465666E-02  3.235639E-02  3.222904E-02  4.576310E-03  2.381401E-05
 2.957500E+02  2.102727E-03  7.481115E-04  1.644545E-04  8.625522E-01  1.624443E-02  6.922179E-04  3.212055E-02  1.666262E-03  1.466502E-02  3.232788E-02  3.213451E-02  4.557872E-03  2.373295E-05
 2.960000E+02  2.119607E-03  7.570836E-04  1.659237E-04  8.626031E-01  1.626508E-02  6.905779E-04  3.214803E-02  1.674456E-03  1.467332E-02  3.229936E-02  3.204033E-02  4.539513E-03  2.365216E-05
 2.962500E+02  2.136595E-03  7.661483E-04  1.674036E-04  8.626535E-01  1.628567E-02  6.889408E-04  3.217539E-02  1.682672E-03  1.468157E-02  3.227083E-02  3.194651E-02  4.521233E-03  2.357166E-05
 2.965000E+02  2.153690E-03  7.753065E-04  1.688941E-04  8.627034E-01  1.630620E-02  6.873065E-04  3.220264E-02  1.690911E-03  1.468978E-02  3.224229E-02  3.185304E-02  4.503031E-03  2.349143E-05
 2.967500E+02  2.170893E-03  7.845590E-04  1.703954E-04  8.627529E-01  1.632667E-02  6.856750E-04  3.222978E-02  1.699173E-03  1.469793E-02  3.221374E-02  3.175991E-02  4.484908E-03  2.341148E-05
 2.970000E+02  2.188206E-03  7.939065E-04  1.719075E-04  8.628020E-01  1.634709E-02  6.840465E-04  3.225680E-02  1.707458E-03  1.470604E-02  3.218518E-02  3.166714E-02  4.466862E-03  2.333181E-05
 2.972500E+02  2.205627E-03  8.033499E-04  1.734304E-04  8.628507E-01  1.636744E-02  6.824208E-04  3.228372E-02  1.715765E-03  1.471411E-02  3.215661E-02  3.157471E-02  4.448895E-03  2.325242E-05
 2.975000E+02  2.223158E-03  8.128901E-04  1.749642E-04  8.628989E-01  1.638774E-02  6.807981E-04  3.231052E-02  1.724095E-03  1.472212E-02  3.212804E-02  3.148263E-02  4.431005E-03  2.317330E-05
 2.977500E+02  2.240799E-03  8.225277E-04  1.765090E-04  8.629466E-01  1.640798E-02  6.791782E-04  3.233722E-02  1.732447E-03  1.473009E-02  3.209945E-02  3.139090E-02  4.413192E-03  2.309446E-05
 2.980000E+02  2.258550E-03  8.322637E-04  1.780649E-04  8.629939E-01  1.642817E-02  6.775613E-04  3.236380E-02  1.740823E-03  1.473801E-02  3.207086E-02  3.129950E-02  4.395456E-03  2.301589E-05
 2.982500E+02  2.276413E-03  8.420989E-04  1.796318E-04  8.630408E-01  1.644829E-02  6.759474E-04  3.239027E-02  1.749221E-03  1.474588E-02  3.204227E-02  3.120845E-02  4.377797E-03  2.293760E-05
 2.985000E+02  2.294388E-03  8.520340E-04  1.812099E-04  8.630872E-01  1.646836E-02  6.743364E-04  3.241664E-02  1.757642E-03  1.475371E-02  3.201366E-02  3.111774E-02  4.360214E-03  2.285958E-05
 2.987500E+02  2.312474E-03  8.620700E-04  1.827992E-04  8.631332E-01  1.648837E-02  6.727284E-04  3.244289E-02  1.766085E-03  1.476149E-02  3.198505E-02  3.102737E-02  4.342707E-03  2.278183E-05
 2.990000E+02  2.330674E-03  8.722078E-04  1.843997E-04  8.631787E-01  1.650832E-02  6.711233E-04  3.246904E-02  1.774551E-03  1.476923E-02  3.195643E-02  3.093733E-02  4.325276E-03  2.270436E-05
 2.992500E+02  2.348986E-03  8.824480E-04  1.860116E-04  8.632238E-01  1.652822E-02  6.695213E-04  3.249508E-02  1.783040E-03  1.477692E-02  3.192781E-02  3.084763E-02  4.307921E-03  2.262716E-05
 2.995000E+02  2.367412E-03  8.927917E-04  1.876349E-04  8.632684E-01  1.654806E-02  6.679222E-04  3.252101E-02  1.791552E-03  1.478456E-02  3.189918E-02  3.075826E-02  4.290640E-03  2.255023E-05
 2.997500E+02  2.385952E-03  9.032396E-04  1.892696E-04  8.633126E-01  1.656784E-02  6.663262E-04  3.254683E-02  1.800086E-03  1.479216E-02  3.187054E-02  3.066923E-02  4.273435E-03  2.247358E-05
 3.000000E+02  2.404607E-03  9.137927E-04  1.909158E-04  8.633564E-01  1.658756E-02  6.647332E-04  3.257254E-02  1.808643E-03  1.479971E-02  3.184190E-02  3.058053E-02  4.256304E-03  2.239719E-05
 3.002500E+02  2.423376E-03  9.244517E-04  1.925735E-04  8.633997E-01  1.660723E-02  6.631432E-04  3.259815E-02  1.817223E-03  1.480721E-02  3.181326E-02  3.049216E-02  4.239247E-03  2.232107E-05
 3.005000E+02  2.442262E-03  9.352177E-04  1.942429E-04  8.634425E-01  1.662684E-02  6.615563E-04  3.262365E-02  1.825825E-03  1.481467E-02  3.178461E-02  3.040411E-02  4.222265E-03  2.224522E-05
